alternanciaCircular|4
processo-0|0|4|93|4|3072
processo-1|1|24|18|4|2048
processo-2|2|32|80|6|2048
processo-3|3|16|10|4|4096
processo-4|4|4|8|9|2048
processo-5|5|36|3|9|4096
processo-6|6|12|26|7|5120
processo-7|7|36|98|5|5120
processo-8|8|24|6|9|7168
processo-9|9|36|51|9|4096
processo-10|10|8|87|8|3072
processo-11|11|4|11|3|5120
processo-12|12|12|57|5|4096
processo-13|13|24|20|4|9216
processo-14|14|16|1|7|7168
processo-15|15|28|15|8|7168
processo-16|16|28|53|9|8192
processo-17|17|28|26|6|4096
processo-18|18|32|86|5|9216
processo-19|19|12|20|2|8192
processo-20|20|36|79|7|1024
processo-21|21|16|35|1|3072
processo-22|22|24|92|8|5120
processo-23|23|20|35|6|9216
processo-24|24|20|68|8|5120
processo-25|25|24|76|5|5120
processo-26|26|20|47|7|2048
processo-27|27|16|69|6|4096
processo-28|28|36|18|1|5120
processo-29|29|28|91|7|8192
processo-30|30|20|51|1|5120
processo-31|31|20|18|9|9216
processo-32|32|16|78|1|7168
processo-33|33|4|83|3|2048
processo-34|34|20|70|6|4096
processo-35|35|24|18|5|8192
processo-36|36|20|17|1|4096
processo-37|37|4|93|7|2048
processo-38|38|16|26|6|8192
processo-39|39|20|1|7|7168
processo-40|40|8|41|7|7168
processo-41|41|24|46|9|6144
processo-42|42|12|35|6|8192
processo-43|43|12|56|8|2048
processo-44|44|32|14|8|6144
processo-45|45|24|47|2|1024
processo-46|46|24|33|7|5120
processo-47|47|12|56|5|5120
processo-48|48|32|99|5|7168
processo-49|49|4|88|3|1024
processo-50|50|36|36|7|7168
processo-51|51|12|43|4|1024
processo-52|52|24|40|6|7168
processo-53|53|16|68|9|8192
processo-54|54|12|55|8|9216
processo-55|55|24|13|8|5120
processo-56|56|8|24|4|2048
processo-57|57|24|93|5|1024
processo-58|58|12|58|8|1024
processo-59|59|32|68|2|6144
processo-60|60|32|30|2|1024
processo-61|61|12|50|1|1024
processo-62|62|28|56|6|6144
processo-63|63|36|9|4|8192
processo-64|64|28|36|5|5120
processo-65|65|36|30|2|9216
processo-66|66|4|83|3|8192
processo-67|67|36|93|3|9216
processo-68|68|16|30|5|3072
processo-69|69|4|62|2|7168
processo-70|70|12|57|8|9216
processo-71|71|8|64|3|5120
processo-72|72|28|12|2|6144
processo-73|73|8|37|2|4096
processo-74|74|24|64|6|5120
processo-75|75|4|22|3|5120
processo-76|76|20|65|5|6144
processo-77|77|24|96|8|7168
processo-78|78|32|21|6|3072
processo-79|79|36|55|7|4096
processo-80|80|8|78|5|9216
processo-81|81|8|83|4|4096
processo-82|82|12|49|8|4096
processo-83|83|8|85|7|2048
processo-84|84|8|49|3|6144
processo-85|85|32|17|4|2048
processo-86|86|32|43|7|2048
processo-87|87|36|75|1|5120
processo-88|88|8|58|1|6144
processo-89|89|8|43|5|2048
processo-90|90|20|71|6|7168
processo-91|91|32|11|4|1024
processo-92|92|28|73|1|3072
processo-93|93|4|87|9|9216
processo-94|94|36|89|4|3072
processo-95|95|24|28|4|9216
processo-96|96|12|69|1|1024
processo-97|97|24|72|9|1024
processo-98|98|4|8|8|6144
processo-99|99|36|50|1|6144
processo-100|100|36|13|9|2048
processo-101|101|32|79|9|4096
processo-102|102|16|15|8|9216
processo-103|103|12|34|9|3072
processo-104|104|32|38|1|7168
processo-105|105|8|1|3|5120
processo-106|106|24|94|4|7168
processo-107|107|32|94|1|7168
processo-108|108|8|44|3|8192
processo-109|109|36|13|6|4096
processo-110|110|16|33|3|8192
processo-111|111|12|37|7|6144
processo-112|112|36|56|6|8192
processo-113|113|16|35|2|2048
processo-114|114|20|80|4|5120
processo-115|115|36|18|5|8192
processo-116|116|12|20|9|9216
processo-117|117|12|97|8|8192
processo-118|118|12|94|5|6144
processo-119|119|20|31|3|9216
processo-120|120|4|84|5|2048
processo-121|121|20|91|8|5120
processo-122|122|20|45|6|5120
processo-123|123|8|71|6|3072
processo-124|124|16|61|6|3072
processo-125|125|36|17|7|9216
processo-126|126|32|32|7|6144
processo-127|127|32|61|7|5120
processo-128|128|12|99|3|3072
processo-129|129|8|88|8|4096
processo-130|130|8|86|9|5120
processo-131|131|8|24|9|2048
processo-132|132|8|75|3|5120
processo-133|133|28|34|1|6144
processo-134|134|4|21|7|3072
processo-135|135|8|68|7|1024
processo-136|136|12|3|5|1024
processo-137|137|20|92|9|4096
processo-138|138|12|29|5|7168
processo-139|139|16|32|9|5120
processo-140|140|16|99|8|1024
processo-141|141|28|48|8|8192
processo-142|142|16|18|8|7168
processo-143|143|8|85|6|9216
processo-144|144|12|21|2|6144
processo-145|145|16|37|2|3072
processo-146|146|4|30|8|2048
processo-147|147|32|28|8|8192
processo-148|148|36|18|1|7168
processo-149|149|32|5|2|2048
processo-150|150|36|79|8|3072
processo-151|151|12|48|2|7168
processo-152|152|12|33|1|7168
processo-153|153|12|69|5|8192
processo-154|154|4|43|3|1024
processo-155|155|28|44|1|4096
processo-156|156|20|75|8|2048
processo-157|157|28|3|6|6144
processo-158|158|8|63|3|8192
processo-159|159|8|67|5|1024
processo-160|160|4|42|5|3072
processo-161|161|32|41|8|5120
processo-162|162|32|31|6|7168
processo-163|163|20|93|4|7168
processo-164|164|32|77|3|3072
processo-165|165|8|11|9|9216
processo-166|166|28|40|2|6144
processo-167|167|20|45|9|4096
processo-168|168|32|10|1|9216
processo-169|169|12|13|6|9216
processo-170|170|32|72|9|1024
processo-171|171|32|50|2|8192
processo-172|172|20|16|1|1024
processo-173|173|36|59|3|9216
processo-174|174|32|36|3|4096
processo-175|175|20|29|8|2048
processo-176|176|32|30|8|7168
processo-177|177|28|14|3|2048
processo-178|178|20|21|9|2048
processo-179|179|32|37|9|1024
processo-180|180|20|85|2|1024
processo-181|181|12|92|7|7168
processo-182|182|36|75|3|3072
processo-183|183|36|78|8|3072
processo-184|184|28|68|8|3072
processo-185|185|8|89|2|1024
processo-186|186|16|16|4|8192
processo-187|187|28|94|6|4096
processo-188|188|8|54|8|5120
processo-189|189|32|31|4|1024
processo-190|190|32|87|4|4096
processo-191|191|20|44|7|7168
processo-192|192|8|94|1|9216
processo-193|193|24|33|6|6144
processo-194|194|12|38|2|6144
processo-195|195|4|37|8|9216
processo-196|196|16|89|1|4096
processo-197|197|4|60|1|9216
processo-198|198|36|80|5|3072
processo-199|199|8|95|6|2048
processo-200|200|36|97|8|8192
processo-201|201|24|86|4|5120
processo-202|202|4|28|8|6144
processo-203|203|16|21|3|9216
processo-204|204|28|52|1|9216
processo-205|205|28|50|5|7168
processo-206|206|36|47|3|7168
processo-207|207|12|92|9|9216
processo-208|208|20|50|2|2048
processo-209|209|24|58|4|4096
processo-210|210|28|66|6|1024
processo-211|211|12|86|1|8192
processo-212|212|16|53|3|6144
processo-213|213|4|34|2|5120
processo-214|214|20|80|4|4096
processo-215|215|4|93|1|2048
processo-216|216|8|24|8|4096
processo-217|217|20|44|7|4096
processo-218|218|24|1|2|1024
processo-219|219|8|67|6|6144
processo-220|220|16|19|7|9216
processo-221|221|36|57|8|6144
processo-222|222|32|14|8|1024
processo-223|223|8|45|6|7168
processo-224|224|36|35|9|3072
processo-225|225|28|52|7|6144
processo-226|226|36|94|1|8192
processo-227|227|4|55|2|5120
processo-228|228|12|4|7|4096
processo-229|229|24|74|8|1024
processo-230|230|28|52|6|9216
processo-231|231|28|98|8|1024
processo-232|232|24|67|3|1024
processo-233|233|32|11|3|1024
processo-234|234|4|98|1|3072
processo-235|235|8|56|6|5120
processo-236|236|20|94|8|4096
processo-237|237|8|55|7|8192
processo-238|238|32|13|4|1024
processo-239|239|20|6|6|4096
processo-240|240|36|53|7|1024
processo-241|241|4|67|1|6144
processo-242|242|28|54|9|9216
processo-243|243|12|25|4|1024
processo-244|244|24|53|5|8192
processo-245|245|32|24|6|4096
processo-246|246|12|76|8|6144
processo-247|247|32|47|2|4096
processo-248|248|4|93|2|3072
processo-249|249|36|27|5|2048
processo-250|250|28|80|7|5120
processo-251|251|20|24|5|5120
processo-252|252|8|56|9|5120
processo-253|253|8|96|4|5120
processo-254|254|28|84|6|8192
processo-255|255|32|67|3|5120
processo-256|256|20|35|1|6144
processo-257|257|8|56|5|7168
processo-258|258|16|87|4|1024
processo-259|259|12|3|3|1024
processo-260|260|28|97|4|3072
processo-261|261|16|31|6|3072
processo-262|262|24|77|3|8192
processo-263|263|16|99|4|3072
processo-264|264|8|82|1|7168
processo-265|265|36|90|2|1024
processo-266|266|20|3|1|9216
processo-267|267|32|2|8|7168
processo-268|268|20|93|4|9216
processo-269|269|36|72|5|8192
processo-270|270|32|48|2|8192
processo-271|271|12|77|4|1024
processo-272|272|8|81|3|6144
processo-273|273|4|36|5|7168
processo-274|274|28|32|3|3072
processo-275|275|12|58|7|6144
processo-276|276|32|89|5|2048
processo-277|277|4|44|5|5120
processo-278|278|8|48|3|9216
processo-279|279|12|97|6|8192
processo-280|280|20|61|2|1024
processo-281|281|20|30|3|1024
processo-282|282|28|42|5|5120
processo-283|283|4|38|4|5120
processo-284|284|28|17|6|2048
processo-285|285|4|21|6|5120
processo-286|286|36|20|3|7168
processo-287|287|28|63|4|5120
processo-288|288|16|99|1|3072
processo-289|289|28|38|9|4096
processo-290|290|20|48|6|4096
processo-291|291|20|12|4|5120
processo-292|292|32|8|6|7168
processo-293|293|24|14|5|9216
processo-294|294|12|98|9|8192
processo-295|295|36|65|8|7168
processo-296|296|8|79|6|4096
processo-297|297|32|65|2|3072
processo-298|298|36|41|6|8192
processo-299|299|20|46|5|7168
processo-300|300|36|25|7|1024
processo-301|301|4|11|8|8192
processo-302|302|28|21|6|5120
processo-303|303|20|61|4|1024
processo-304|304|28|15|8|8192
processo-305|305|8|39|9|3072
processo-306|306|36|13|4|9216
processo-307|307|32|80|6|1024
processo-308|308|4|20|9|4096
processo-309|309|24|16|6|7168
processo-310|310|28|42|7|8192
processo-311|311|24|17|1|2048
processo-312|312|24|45|9|4096
processo-313|313|24|31|1|8192
processo-314|314|8|46|8|7168
processo-315|315|32|10|1|3072
processo-316|316|24|9|6|1024
processo-317|317|20|23|2|2048
processo-318|318|24|25|1|2048
processo-319|319|8|35|4|1024
processo-320|320|32|71|8|7168
processo-321|321|32|79|7|4096
processo-322|322|12|57|2|6144
processo-323|323|12|29|6|8192
processo-324|324|12|69|4|2048
processo-325|325|32|81|6|8192
processo-326|326|12|43|7|4096
processo-327|327|4|16|8|5120
processo-328|328|24|44|1|5120
processo-329|329|12|92|2|8192
processo-330|330|8|15|1|2048
processo-331|331|12|39|3|9216
processo-332|332|24|14|1|8192
processo-333|333|32|71|7|9216
processo-334|334|28|66|1|4096
processo-335|335|12|66|9|6144
processo-336|336|4|82|9|9216
processo-337|337|32|13|1|1024
processo-338|338|8|54|5|7168
processo-339|339|28|31|9|8192
processo-340|340|32|62|1|8192
processo-341|341|32|37|5|6144
processo-342|342|16|32|9|5120
processo-343|343|12|73|9|4096
processo-344|344|16|61|4|9216
processo-345|345|28|77|8|9216
processo-346|346|24|12|9|6144
processo-347|347|4|15|2|6144
processo-348|348|32|11|2|3072
processo-349|349|12|75|2|9216
processo-350|350|12|71|5|1024
processo-351|351|28|41|4|9216
processo-352|352|24|1|9|7168
processo-353|353|36|75|2|6144
processo-354|354|32|24|4|3072
processo-355|355|4|13|5|9216
processo-356|356|36|59|2|5120
processo-357|357|32|26|7|2048
processo-358|358|24|70|8|7168
processo-359|359|4|26|1|8192
processo-360|360|16|19|1|9216
processo-361|361|8|33|8|6144
processo-362|362|4|94|9|3072
processo-363|363|4|47|4|7168
processo-364|364|32|77|5|8192
processo-365|365|12|16|3|6144
processo-366|366|28|9|2|8192
processo-367|367|20|48|8|2048
processo-368|368|20|82|5|3072
processo-369|369|8|2|6|1024
processo-370|370|24|1|5|3072
processo-371|371|4|19|3|7168
processo-372|372|24|2|2|6144
processo-373|373|4|1|8|3072
processo-374|374|28|79|1|8192
processo-375|375|16|59|2|5120
processo-376|376|16|13|8|4096
processo-377|377|4|25|7|6144
processo-378|378|36|64|9|6144
processo-379|379|12|77|4|3072
processo-380|380|24|95|4|5120
processo-381|381|20|33|9|1024
processo-382|382|8|65|4|5120
processo-383|383|8|91|3|6144
processo-384|384|16|85|3|7168
processo-385|385|16|7|9|5120
processo-386|386|36|68|3|5120
processo-387|387|36|16|9|8192
processo-388|388|32|52|3|6144
processo-389|389|4|18|4|3072
processo-390|390|28|97|1|3072
processo-391|391|8|67|2|1024
processo-392|392|24|34|3|5120
processo-393|393|16|92|4|9216
processo-394|394|20|37|3|8192
processo-395|395|20|5|1|8192
processo-396|396|32|32|9|7168
processo-397|397|12|24|5|4096
processo-398|398|4|66|3|2048
processo-399|399|28|60|1|8192
processo-400|400|8|75|8|2048
processo-401|401|24|56|9|9216
processo-402|402|4|37|2|5120
processo-403|403|36|69|9|6144
processo-404|404|28|33|2|6144
processo-405|405|36|59|6|2048
processo-406|406|4|80|6|2048
processo-407|407|36|61|7|7168
processo-408|408|36|14|1|5120
processo-409|409|8|56|2|6144
processo-410|410|4|75|1|3072
processo-411|411|8|27|4|2048
processo-412|412|28|53|6|1024
processo-413|413|28|49|6|6144
processo-414|414|20|82|3|1024
processo-415|415|32|29|4|1024
processo-416|416|12|49|8|3072
processo-417|417|36|96|6|6144
processo-418|418|12|30|5|2048
processo-419|419|8|90|8|7168
processo-420|420|28|54|9|7168
processo-421|421|8|13|2|6144
processo-422|422|36|3|5|7168
processo-423|423|8|59|1|5120
processo-424|424|36|47|2|5120
processo-425|425|4|73|9|8192
processo-426|426|24|37|9|9216
processo-427|427|16|77|3|2048
processo-428|428|16|57|4|8192
processo-429|429|16|75|6|4096
processo-430|430|32|61|4|9216
processo-431|431|36|45|9|6144
processo-432|432|28|40|3|3072
processo-433|433|4|51|3|2048
processo-434|434|32|27|8|6144
processo-435|435|32|68|3|2048
processo-436|436|36|79|6|8192
processo-437|437|36|29|2|1024
processo-438|438|24|65|4|5120
processo-439|439|4|88|4|4096
processo-440|440|28|85|8|7168
processo-441|441|24|46|7|7168
processo-442|442|8|95|3|3072
processo-443|443|16|59|6|6144
processo-444|444|28|28|5|1024
processo-445|445|32|70|3|9216
processo-446|446|16|82|5|4096
processo-447|447|32|64|4|7168
processo-448|448|16|56|1|4096
processo-449|449|24|61|1|3072
processo-450|450|28|67|8|3072
processo-451|451|16|65|3|3072
processo-452|452|32|61|8|8192
processo-453|453|16|86|3|6144
processo-454|454|20|58|3|1024
processo-455|455|24|41|3|8192
processo-456|456|24|13|7|5120
processo-457|457|36|85|9|5120
processo-458|458|28|16|6|9216
processo-459|459|12|39|8|4096
processo-460|460|16|83|4|1024
processo-461|461|28|59|9|3072
processo-462|462|4|94|2|6144
processo-463|463|8|22|1|2048
processo-464|464|20|13|5|3072
processo-465|465|36|88|3|4096
processo-466|466|20|84|7|2048
processo-467|467|36|3|6|4096
processo-468|468|24|99|8|7168
processo-469|469|16|3|7|7168
processo-470|470|36|68|3|9216
processo-471|471|28|71|7|1024
processo-472|472|20|31|2|6144
processo-473|473|28|39|4|8192
processo-474|474|32|5|9|1024
processo-475|475|8|79|6|8192
processo-476|476|8|69|6|5120
processo-477|477|36|56|4|7168
processo-478|478|4|69|7|9216
processo-479|479|20|68|6|9216
processo-480|480|28|32|9|4096
processo-481|481|36|15|8|8192
processo-482|482|12|47|3|2048
processo-483|483|24|70|1|4096
processo-484|484|36|72|1|2048
processo-485|485|32|8|2|6144
processo-486|486|28|9|8|1024
processo-487|487|28|65|2|9216
processo-488|488|16|96|6|6144
processo-489|489|20|11|6|2048
processo-490|490|20|31|2|9216
processo-491|491|4|50|3|4096
processo-492|492|36|41|6|1024
processo-493|493|24|49|2|3072
processo-494|494|4|79|3|4096
processo-495|495|24|50|8|2048
processo-496|496|4|9|6|2048
processo-497|497|20|10|7|1024
processo-498|498|12|72|9|8192
processo-499|499|20|2|8|4096
processo-500|500|32|33|3|4096
processo-501|501|32|85|2|6144
processo-502|502|28|23|4|9216
processo-503|503|8|31|2|1024
processo-504|504|8|6|8|8192
processo-505|505|16|5|4|3072
processo-506|506|8|18|1|2048
processo-507|507|12|93|9|1024
processo-508|508|4|85|5|2048
processo-509|509|8|58|1|8192
processo-510|510|12|95|5|6144
processo-511|511|32|23|6|4096
processo-512|512|20|48|9|4096
processo-513|513|12|82|2|3072
processo-514|514|8|85|5|5120
processo-515|515|12|96|7|7168
processo-516|516|20|88|6|5120
processo-517|517|24|20|4|8192
processo-518|518|28|17|6|6144
processo-519|519|8|35|7|5120
processo-520|520|24|76|2|9216
processo-521|521|24|77|7|4096
processo-522|522|24|14|1|9216
processo-523|523|24|71|8|4096
processo-524|524|8|46|9|5120
processo-525|525|4|37|1|3072
processo-526|526|20|32|5|9216
processo-527|527|32|18|5|3072
processo-528|528|20|18|8|1024
processo-529|529|28|94|4|5120
processo-530|530|8|86|5|3072
processo-531|531|24|22|3|1024
processo-532|532|20|91|6|9216
processo-533|533|32|71|9|9216
processo-534|534|28|98|4|4096
processo-535|535|32|11|2|3072
processo-536|536|36|24|2|9216
processo-537|537|20|83|1|1024
processo-538|538|8|62|7|1024
processo-539|539|32|6|1|2048
processo-540|540|28|52|5|8192
processo-541|541|8|91|6|9216
processo-542|542|32|89|6|9216
processo-543|543|24|76|5|4096
processo-544|544|36|27|4|9216
processo-545|545|12|19|5|5120
processo-546|546|36|58|7|5120
processo-547|547|4|69|6|6144
processo-548|548|12|67|8|3072
processo-549|549|12|13|1|6144
processo-550|550|12|64|9|6144
processo-551|551|28|75|6|4096
processo-552|552|32|41|9|6144
processo-553|553|8|25|2|5120
processo-554|554|12|37|7|6144
processo-555|555|36|60|9|7168
processo-556|556|20|18|3|3072
processo-557|557|8|93|1|1024
processo-558|558|20|32|5|5120
processo-559|559|28|60|5|7168
processo-560|560|28|20|5|8192
processo-561|561|16|41|2|2048
processo-562|562|12|76|2|2048
processo-563|563|32|12|1|5120
processo-564|564|28|50|2|6144
processo-565|565|8|27|1|4096
processo-566|566|8|8|8|9216
processo-567|567|4|8|4|5120
processo-568|568|20|38|5|9216
processo-569|569|12|88|1|5120
processo-570|570|8|81|5|2048
processo-571|571|8|58|3|4096
processo-572|572|28|87|6|5120
processo-573|573|4|77|6|1024
processo-574|574|8|72|4|8192
processo-575|575|32|76|5|6144
processo-576|576|24|89|4|8192
processo-577|577|8|7|9|4096
processo-578|578|32|57|4|8192
processo-579|579|36|90|7|5120
processo-580|580|12|31|3|7168
processo-581|581|36|71|7|4096
processo-582|582|4|64|1|8192
processo-583|583|20|83|5|3072
processo-584|584|4|48|2|7168
processo-585|585|32|45|4|1024
processo-586|586|8|52|7|3072
processo-587|587|8|91|5|3072
processo-588|588|8|88|5|8192
processo-589|589|12|36|7|4096
processo-590|590|24|57|7|1024
processo-591|591|12|71|9|1024
processo-592|592|32|1|5|5120
processo-593|593|36|40|2|5120
processo-594|594|24|71|7|2048
processo-595|595|28|36|5|5120
processo-596|596|8|56|5|8192
processo-597|597|4|4|6|8192
processo-598|598|20|79|7|2048
processo-599|599|24|44|6|6144
processo-600|600|16|64|6|7168
processo-601|601|36|95|8|7168
processo-602|602|16|52|1|2048
processo-603|603|20|22|3|6144
processo-604|604|20|52|6|2048
processo-605|605|32|81|5|9216
processo-606|606|16|82|3|3072
processo-607|607|16|63|5|5120
processo-608|608|16|63|3|7168
processo-609|609|28|11|4|4096
processo-610|610|32|65|3|6144
processo-611|611|20|74|4|1024
processo-612|612|36|3|5|3072
processo-613|613|36|65|5|8192
processo-614|614|24|13|2|9216
processo-615|615|12|64|8|7168
processo-616|616|28|43|7|3072
processo-617|617|8|47|4|3072
processo-618|618|36|67|4|3072
processo-619|619|36|34|4|3072
processo-620|620|8|40|3|6144
processo-621|621|28|26|7|1024
processo-622|622|20|92|8|2048
processo-623|623|20|55|3|4096
processo-624|624|20|44|3|8192
processo-625|625|28|73|8|9216
processo-626|626|36|91|6|8192
processo-627|627|20|12|7|3072
processo-628|628|4|9|6|9216
processo-629|629|8|87|6|2048
processo-630|630|4|63|2|2048
processo-631|631|16|68|4|2048
processo-632|632|32|59|3|3072
processo-633|633|32|65|2|7168
processo-634|634|4|73|5|6144
processo-635|635|20|70|5|1024
processo-636|636|24|83|8|5120
processo-637|637|32|83|9|1024
processo-638|638|20|59|1|9216
processo-639|639|12|93|9|1024
processo-640|640|28|69|3|4096
processo-641|641|16|93|5|9216
processo-642|642|28|26|9|4096
processo-643|643|32|84|8|7168
processo-644|644|24|28|5|9216
processo-645|645|28|66|5|5120
processo-646|646|12|30|2|4096
processo-647|647|8|11|3|9216
processo-648|648|20|10|3|1024
processo-649|649|12|99|5|7168
processo-650|650|36|93|4|6144
processo-651|651|12|71|7|7168
processo-652|652|28|5|5|2048
processo-653|653|36|41|4|5120
processo-654|654|24|19|5|5120
processo-655|655|12|30|6|7168
processo-656|656|4|4|9|6144
processo-657|657|32|67|6|5120
processo-658|658|36|28|1|8192
processo-659|659|24|15|8|3072
processo-660|660|24|51|8|8192
processo-661|661|36|84|5|2048
processo-662|662|8|64|3|6144
processo-663|663|8|92|9|6144
processo-664|664|36|32|7|2048
processo-665|665|20|75|7|8192
processo-666|666|36|27|1|1024
processo-667|667|8|18|3|4096
processo-668|668|20|74|6|8192
processo-669|669|32|82|7|5120
processo-670|670|4|9|4|5120
processo-671|671|16|92|4|9216
processo-672|672|4|5|3|7168
processo-673|673|12|79|4|8192
processo-674|674|4|89|9|4096
processo-675|675|16|96|9|5120
processo-676|676|20|29|6|2048
processo-677|677|12|44|5|5120
processo-678|678|36|30|5|2048
processo-679|679|32|98|6|1024
processo-680|680|16|86|3|4096
processo-681|681|24|25|5|4096
processo-682|682|28|23|7|4096
processo-683|683|28|82|8|9216
processo-684|684|28|35|6|1024
processo-685|685|24|42|5|1024
processo-686|686|24|41|9|7168
processo-687|687|8|2|6|2048
processo-688|688|24|34|9|1024
processo-689|689|28|75|2|7168
processo-690|690|28|85|2|7168
processo-691|691|12|44|6|7168
processo-692|692|32|63|3|9216
processo-693|693|28|11|6|5120
processo-694|694|8|33|4|6144
processo-695|695|12|62|8|3072
processo-696|696|16|84|3|3072
processo-697|697|8|21|4|2048
processo-698|698|24|81|7|7168
processo-699|699|32|46|9|9216
processo-700|700|8|36|7|7168
processo-701|701|4|87|3|1024
processo-702|702|36|11|9|6144
processo-703|703|12|98|7|3072
processo-704|704|4|33|8|4096
processo-705|705|16|61|9|9216
processo-706|706|20|55|4|4096
processo-707|707|4|2|3|4096
processo-708|708|36|70|9|1024
processo-709|709|36|39|6|3072
processo-710|710|8|92|1|4096
processo-711|711|20|52|7|2048
processo-712|712|16|41|3|4096
processo-713|713|20|83|5|5120
processo-714|714|4|3|2|8192
processo-715|715|16|26|1|1024
processo-716|716|32|89|2|7168
processo-717|717|4|95|1|6144
processo-718|718|16|32|5|9216
processo-719|719|12|66|7|3072
processo-720|720|16|18|4|6144
processo-721|721|4|41|1|4096
processo-722|722|36|54|2|8192
processo-723|723|20|9|4|7168
processo-724|724|32|9|8|1024
processo-725|725|32|72|3|5120
processo-726|726|28|15|2|1024
processo-727|727|8|19|1|6144
processo-728|728|36|82|2|9216
processo-729|729|8|6|6|6144
processo-730|730|36|32|5|4096
processo-731|731|4|91|3|6144
processo-732|732|36|56|5|1024
processo-733|733|32|23|3|5120
processo-734|734|12|46|8|6144
processo-735|735|24|23|8|4096
processo-736|736|32|71|7|1024
processo-737|737|32|65|6|9216
processo-738|738|20|96|6|2048
processo-739|739|4|7|6|6144
processo-740|740|16|44|8|8192
processo-741|741|8|80|1|9216
processo-742|742|16|42|1|9216
processo-743|743|8|25|2|8192
processo-744|744|36|73|9|7168
processo-745|745|8|42|8|6144
processo-746|746|12|87|3|3072
processo-747|747|8|79|5|6144
processo-748|748|32|88|5|1024
processo-749|749|20|19|6|3072
processo-750|750|28|25|9|1024
processo-751|751|36|4|1|2048
processo-752|752|28|48|2|8192
processo-753|753|32|60|8|3072
processo-754|754|32|18|3|9216
processo-755|755|8|58|8|5120
processo-756|756|8|3|7|8192
processo-757|757|12|7|4|7168
processo-758|758|24|96|2|7168
processo-759|759|32|31|5|3072
processo-760|760|28|5|1|3072
processo-761|761|24|46|7|3072
processo-762|762|32|6|8|6144
processo-763|763|4|87|8|3072
processo-764|764|12|23|8|8192
processo-765|765|24|41|4|7168
processo-766|766|36|35|6|4096
processo-767|767|36|30|7|3072
processo-768|768|24|26|7|5120
processo-769|769|32|29|1|8192
processo-770|770|20|62|5|1024
processo-771|771|12|12|4|3072
processo-772|772|32|22|5|1024
processo-773|773|4|91|1|2048
processo-774|774|24|83|3|8192
processo-775|775|36|60|6|6144
processo-776|776|20|11|6|4096
processo-777|777|20|8|5|8192
processo-778|778|16|3|7|7168
processo-779|779|28|63|6|7168
processo-780|780|36|7|4|4096
processo-781|781|32|7|9|7168
processo-782|782|28|6|1|1024
processo-783|783|32|42|5|3072
processo-784|784|12|49|1|3072
processo-785|785|28|98|9|3072
processo-786|786|12|35|2|9216
processo-787|787|28|36|2|7168
processo-788|788|24|27|8|1024
processo-789|789|20|3|3|4096
processo-790|790|20|19|5|5120
processo-791|791|8|76|7|3072
processo-792|792|36|93|4|2048
processo-793|793|8|65|9|6144
processo-794|794|32|86|9|1024
processo-795|795|28|91|9|5120
processo-796|796|32|40|1|5120
processo-797|797|24|76|6|8192
processo-798|798|12|64|5|5120
processo-799|799|20|95|1|1024
processo-800|800|32|79|8|8192
processo-801|801|8|91|1|1024
processo-802|802|4|89|2|6144
processo-803|803|12|5|8|6144
processo-804|804|36|41|7|9216
processo-805|805|8|80|3|8192
processo-806|806|16|3|6|1024
processo-807|807|20|53|8|9216
processo-808|808|8|40|9|1024
processo-809|809|4|34|6|3072
processo-810|810|12|23|7|5120
processo-811|811|36|28|8|9216
processo-812|812|16|76|4|2048
processo-813|813|8|50|3|2048
processo-814|814|28|52|7|1024
processo-815|815|8|36|1|1024
processo-816|816|12|81|3|9216
processo-817|817|20|45|7|3072
processo-818|818|4|22|1|1024
processo-819|819|20|97|3|1024
processo-820|820|8|14|9|5120
processo-821|821|20|65|4|1024
processo-822|822|32|68|6|4096
processo-823|823|36|47|9|5120
processo-824|824|24|13|9|4096
processo-825|825|36|46|7|4096
processo-826|826|36|86|9|5120
processo-827|827|36|63|6|9216
processo-828|828|12|36|2|2048
processo-829|829|16|37|8|8192
processo-830|830|28|15|7|2048
processo-831|831|24|50|7|8192
processo-832|832|32|30|7|5120
processo-833|833|36|20|6|8192
processo-834|834|16|48|6|2048
processo-835|835|12|39|4|4096
processo-836|836|20|25|7|8192
processo-837|837|16|83|7|2048
processo-838|838|4|68|8|7168
processo-839|839|4|38|3|2048
processo-840|840|32|82|5|7168
processo-841|841|12|63|1|6144
processo-842|842|4|89|9|4096
processo-843|843|12|25|5|9216
processo-844|844|36|44|8|8192
processo-845|845|8|34|4|9216
processo-846|846|36|14|8|7168
processo-847|847|24|76|3|6144
processo-848|848|8|14|5|3072
processo-849|849|4|83|6|7168
processo-850|850|32|37|3|9216
processo-851|851|16|28|5|4096
processo-852|852|36|4|9|8192
processo-853|853|24|84|1|8192
processo-854|854|12|33|1|5120
processo-855|855|20|16|3|1024
processo-856|856|36|37|4|1024
processo-857|857|4|81|7|7168
processo-858|858|20|23|7|9216
processo-859|859|16|2|5|6144
processo-860|860|28|72|7|5120
processo-861|861|32|13|8|5120
processo-862|862|12|88|8|5120
processo-863|863|16|47|6|5120
processo-864|864|36|49|5|5120
processo-865|865|8|58|4|1024
processo-866|866|16|28|9|4096
processo-867|867|8|72|6|8192
processo-868|868|32|26|9|1024
processo-869|869|24|43|5|6144
processo-870|870|4|7|8|2048
processo-871|871|24|94|1|6144
processo-872|872|36|16|1|8192
processo-873|873|12|96|6|7168
processo-874|874|8|92|7|3072
processo-875|875|12|97|5|9216
processo-876|876|12|35|4|5120
processo-877|877|16|1|7|6144
processo-878|878|24|15|6|1024
processo-879|879|20|50|8|4096
processo-880|880|24|71|8|9216
processo-881|881|20|67|7|5120
processo-882|882|16|35|2|1024
processo-883|883|20|47|8|3072
processo-884|884|8|9|9|2048
processo-885|885|4|7|7|7168
processo-886|886|8|72|6|5120
processo-887|887|16|78|6|8192
processo-888|888|20|64|3|9216
processo-889|889|32|68|2|9216
processo-890|890|12|29|2|6144
processo-891|891|20|38|1|7168
processo-892|892|16|64|5|5120
processo-893|893|4|75|5|8192
processo-894|894|32|94|2|9216
processo-895|895|24|98|1|9216
processo-896|896|16|53|6|9216
processo-897|897|8|1|2|1024
processo-898|898|28|80|6|8192
processo-899|899|8|44|7|6144
processo-900|900|32|39|5|8192
processo-901|901|4|9|9|4096
processo-902|902|12|50|9|8192
processo-903|903|16|11|2|5120
processo-904|904|20|66|7|8192
processo-905|905|32|66|7|9216
processo-906|906|4|51|5|4096
processo-907|907|32|22|6|7168
processo-908|908|8|96|7|8192
processo-909|909|28|22|8|9216
processo-910|910|12|65|9|2048
processo-911|911|24|81|6|1024
processo-912|912|16|12|2|8192
processo-913|913|12|74|1|7168
processo-914|914|24|97|5|7168
processo-915|915|32|13|8|1024
processo-916|916|16|60|7|3072
processo-917|917|24|49|6|7168
processo-918|918|20|4|7|8192
processo-919|919|20|28|3|3072
processo-920|920|20|93|4|9216
processo-921|921|36|77|7|8192
processo-922|922|16|15|2|2048
processo-923|923|4|74|3|6144
processo-924|924|28|96|2|3072
processo-925|925|32|48|1|9216
processo-926|926|12|77|1|7168
processo-927|927|16|21|6|4096
processo-928|928|20|31|9|7168
processo-929|929|24|27|4|6144
processo-930|930|28|15|9|7168
processo-931|931|36|35|2|2048
processo-932|932|24|81|5|9216
processo-933|933|36|32|4|1024
processo-934|934|20|43|2|1024
processo-935|935|4|77|3|6144
processo-936|936|8|70|7|3072
processo-937|937|8|3|9|5120
processo-938|938|20|1|7|6144
processo-939|939|8|30|3|3072
processo-940|940|32|38|4|5120
processo-941|941|12|65|7|9216
processo-942|942|24|20|1|5120
processo-943|943|28|8|7|9216
processo-944|944|24|14|9|8192
processo-945|945|24|47|9|6144
processo-946|946|36|83|5|6144
processo-947|947|36|66|5|4096
processo-948|948|32|67|8|6144
processo-949|949|4|7|4|9216
processo-950|950|16|66|4|4096
processo-951|951|28|19|2|5120
processo-952|952|20|67|9|6144
processo-953|953|16|41|5|1024
processo-954|954|32|12|4|1024
processo-955|955|20|10|3|2048
processo-956|956|32|35|1|9216
processo-957|957|8|38|2|4096
processo-958|958|16|10|3|7168
processo-959|959|24|35|6|6144
processo-960|960|28|75|1|8192
processo-961|961|12|9|8|3072
processo-962|962|32|99|5|7168
processo-963|963|32|84|6|3072
processo-964|964|28|12|2|7168
processo-965|965|24|16|9|3072
processo-966|966|4|59|3|5120
processo-967|967|20|47|4|2048
processo-968|968|4|88|6|9216
processo-969|969|16|89|7|2048
processo-970|970|28|20|8|8192
processo-971|971|16|85|5|4096
processo-972|972|4|78|8|1024
processo-973|973|4|76|5|7168
processo-974|974|28|23|7|6144
processo-975|975|8|87|3|3072
processo-976|976|4|15|6|7168
processo-977|977|16|74|5|8192
processo-978|978|32|47|7|5120
processo-979|979|8|75|2|8192
processo-980|980|36|75|7|9216
processo-981|981|36|44|9|5120
processo-982|982|8|58|4|2048
processo-983|983|20|97|1|5120
processo-984|984|16|10|3|9216
processo-985|985|20|8|2|7168
processo-986|986|16|60|1|1024
processo-987|987|12|87|2|3072
processo-988|988|28|11|2|6144
processo-989|989|32|65|1|4096
processo-990|990|20|4|1|1024
processo-991|991|4|15|7|7168
processo-992|992|28|79|5|2048
processo-993|993|32|20|2|7168
processo-994|994|32|88|4|5120
processo-995|995|28|77|4|7168
processo-996|996|20|29|8|6144
processo-997|997|24|43|3|4096
processo-998|998|20|54|1|7168
processo-999|999|12|96|7|1024
processo-1000|1000|20|96|8|4096
processo-1001|1001|16|65|1|2048
processo-1002|1002|32|81|8|8192
processo-1003|1003|8|55|5|4096
processo-1004|1004|32|18|4|4096
processo-1005|1005|4|41|3|8192
processo-1006|1006|16|85|7|7168
processo-1007|1007|20|32|4|6144
processo-1008|1008|24|31|8|7168
processo-1009|1009|4|91|1|7168
processo-1010|1010|8|39|3|1024
processo-1011|1011|20|78|8|9216
processo-1012|1012|8|21|3|2048
processo-1013|1013|28|46|8|7168
processo-1014|1014|24|76|1|1024
processo-1015|1015|24|26|2|2048
processo-1016|1016|28|49|5|2048
processo-1017|1017|24|27|1|4096
processo-1018|1018|8|38|3|7168
processo-1019|1019|16|69|5|9216
processo-1020|1020|8|62|9|2048
processo-1021|1021|24|40|3|2048
processo-1022|1022|4|41|4|1024
processo-1023|1023|28|49|3|5120
