loteria|6
processo-0|0|54|2|1|5120
processo-1|1|18|20|5|7168
processo-2|2|30|76|4|3072
processo-3|3|12|15|3|9216
processo-4|4|54|6|5|6144
processo-5|5|18|93|3|4096
processo-6|6|12|13|2|2048
processo-7|7|54|78|1|8192
processo-8|8|36|85|1|5120
processo-9|9|12|93|2|7168
processo-10|10|36|34|6|5120
processo-11|11|48|74|8|2048
processo-12|12|18|68|7|8192
processo-13|13|48|90|5|5120
processo-14|14|6|92|9|3072
processo-15|15|54|37|4|5120
processo-16|16|54|36|1|8192
processo-17|17|30|90|7|6144
processo-18|18|12|7|8|9216
processo-19|19|48|38|6|3072
processo-20|20|54|98|5|9216
processo-21|21|48|30|5|1024
processo-22|22|6|23|6|5120
processo-23|23|30|55|1|5120
processo-24|24|48|65|2|7168
processo-25|25|6|79|2|5120
processo-26|26|54|5|9|2048
processo-27|27|54|17|2|3072
processo-28|28|24|77|4|2048
processo-29|29|48|54|8|3072
processo-30|30|18|40|1|4096
processo-31|31|12|2|5|7168
processo-32|32|48|37|5|3072
processo-33|33|6|22|2|8192
processo-34|34|24|82|3|5120
processo-35|35|42|87|1|2048
processo-36|36|12|9|3|2048
processo-37|37|48|66|4|1024
processo-38|38|24|25|6|4096
processo-39|39|30|54|3|4096
processo-40|40|54|54|1|5120
processo-41|41|24|44|5|5120
processo-42|42|12|20|7|1024
processo-43|43|24|20|3|9216
processo-44|44|18|9|1|9216
processo-45|45|36|50|7|6144
processo-46|46|42|23|6|9216
processo-47|47|54|70|7|5120
processo-48|48|48|4|5|8192
processo-49|49|36|4|7|8192
processo-50|50|24|59|1|3072
processo-51|51|12|3|9|1024
processo-52|52|48|34|3|3072
processo-53|53|18|62|6|4096
processo-54|54|6|98|1|2048
processo-55|55|12|81|8|6144
processo-56|56|48|90|2|5120
processo-57|57|12|95|6|9216
processo-58|58|18|74|6|4096
processo-59|59|12|42|2|4096
processo-60|60|36|28|8|4096
processo-61|61|36|47|4|4096
processo-62|62|54|44|7|2048
processo-63|63|24|42|6|7168
processo-64|64|18|11|1|4096
processo-65|65|6|72|3|1024
processo-66|66|6|71|4|9216
processo-67|67|48|43|3|9216
processo-68|68|54|48|8|2048
processo-69|69|30|29|9|3072
processo-70|70|18|71|9|3072
processo-71|71|42|41|7|3072
processo-72|72|30|3|7|3072
processo-73|73|12|97|7|1024
processo-74|74|18|19|5|1024
processo-75|75|6|57|5|8192
processo-76|76|6|65|6|9216
processo-77|77|6|33|8|8192
processo-78|78|30|42|3|6144
processo-79|79|12|23|8|1024
processo-80|80|12|32|5|3072
processo-81|81|18|33|5|5120
processo-82|82|24|19|6|9216
processo-83|83|6|22|9|8192
processo-84|84|12|9|1|7168
processo-85|85|42|82|8|3072
processo-86|86|36|83|7|3072
processo-87|87|42|63|1|9216
processo-88|88|12|56|2|9216
processo-89|89|42|28|3|2048
processo-90|90|54|52|6|5120
processo-91|91|36|33|6|5120
processo-92|92|30|10|4|4096
processo-93|93|30|85|2|6144
processo-94|94|24|36|2|4096
processo-95|95|42|52|7|3072
processo-96|96|54|44|2|7168
processo-97|97|42|99|6|6144
processo-98|98|6|6|2|7168
processo-99|99|18|88|5|4096
processo-100|100|18|9|3|1024
processo-101|101|36|84|6|4096
processo-102|102|30|94|6|4096
processo-103|103|24|3|7|7168
processo-104|104|12|38|7|1024
processo-105|105|36|39|2|2048
processo-106|106|30|11|4|9216
processo-107|107|12|56|2|5120
processo-108|108|30|40|5|5120
processo-109|109|42|43|7|5120
processo-110|110|12|80|9|4096
processo-111|111|36|55|3|1024
processo-112|112|54|29|1|3072
processo-113|113|30|34|9|9216
processo-114|114|18|20|5|4096
processo-115|115|24|68|1|7168
processo-116|116|54|61|4|5120
processo-117|117|6|94|3|4096
processo-118|118|42|66|9|2048
processo-119|119|36|21|4|1024
processo-120|120|12|52|3|6144
processo-121|121|6|33|8|7168
processo-122|122|48|61|6|6144
processo-123|123|24|95|1|7168
processo-124|124|54|49|9|1024
processo-125|125|30|3|9|3072
processo-126|126|54|90|1|1024
processo-127|127|54|18|3|1024
processo-128|128|36|82|3|1024
processo-129|129|42|1|7|8192
processo-130|130|30|65|9|3072
processo-131|131|12|57|4|8192
processo-132|132|42|43|6|6144
processo-133|133|36|52|5|5120
processo-134|134|6|31|6|2048
processo-135|135|42|77|5|9216
processo-136|136|42|43|7|7168
processo-137|137|42|55|7|2048
processo-138|138|24|30|4|5120
processo-139|139|42|35|8|3072
processo-140|140|6|53|7|7168
processo-141|141|12|22|8|7168
processo-142|142|18|20|2|1024
processo-143|143|30|66|3|7168
processo-144|144|42|67|2|2048
processo-145|145|24|8|2|7168
processo-146|146|24|50|5|6144
processo-147|147|48|7|3|7168
processo-148|148|6|8|9|8192
processo-149|149|24|99|6|6144
processo-150|150|48|92|9|6144
processo-151|151|42|49|4|7168
processo-152|152|30|79|6|4096
processo-153|153|18|81|1|1024
processo-154|154|12|23|1|1024
processo-155|155|30|92|5|9216
processo-156|156|42|64|8|6144
processo-157|157|24|12|3|1024
processo-158|158|6|41|6|2048
processo-159|159|12|53|2|7168
processo-160|160|54|96|8|7168
processo-161|161|48|8|8|1024
processo-162|162|48|45|6|1024
processo-163|163|30|80|2|9216
processo-164|164|36|67|7|6144
processo-165|165|48|62|6|6144
processo-166|166|30|17|3|8192
processo-167|167|24|11|7|6144
processo-168|168|30|22|2|4096
processo-169|169|42|37|4|1024
processo-170|170|6|92|9|2048
processo-171|171|48|3|7|1024
processo-172|172|18|71|4|7168
processo-173|173|12|43|8|1024
processo-174|174|42|45|3|3072
processo-175|175|24|46|1|5120
processo-176|176|24|4|7|2048
processo-177|177|36|50|9|7168
processo-178|178|36|76|7|9216
processo-179|179|6|40|3|7168
processo-180|180|18|20|2|9216
processo-181|181|54|55|8|3072
processo-182|182|6|11|2|3072
processo-183|183|12|1|4|9216
processo-184|184|36|18|9|6144
processo-185|185|6|4|7|9216
processo-186|186|12|54|3|5120
processo-187|187|42|2|5|9216
processo-188|188|6|49|9|4096
processo-189|189|30|60|6|6144
processo-190|190|18|10|7|3072
processo-191|191|6|60|2|9216
processo-192|192|42|90|9|8192
processo-193|193|36|84|6|1024
processo-194|194|48|48|3|8192
processo-195|195|6|37|4|2048
processo-196|196|24|21|6|8192
processo-197|197|12|34|2|5120
processo-198|198|24|13|9|5120
processo-199|199|24|80|9|2048
processo-200|200|18|89|9|3072
processo-201|201|48|16|1|9216
processo-202|202|12|75|9|2048
processo-203|203|12|40|1|3072
processo-204|204|54|84|3|4096
processo-205|205|54|85|9|5120
processo-206|206|12|59|6|2048
processo-207|207|12|33|2|6144
processo-208|208|24|36|2|9216
processo-209|209|18|49|6|1024
processo-210|210|54|12|6|3072
processo-211|211|36|17|1|1024
processo-212|212|36|4|4|6144
processo-213|213|36|29|7|5120
processo-214|214|54|94|6|4096
processo-215|215|30|53|6|9216
processo-216|216|6|78|9|8192
processo-217|217|30|62|6|1024
processo-218|218|18|45|6|3072
processo-219|219|30|61|8|7168
processo-220|220|54|41|1|1024
processo-221|221|30|66|2|2048
processo-222|222|18|15|8|6144
processo-223|223|24|98|8|3072
processo-224|224|36|14|4|5120
processo-225|225|36|34|3|6144
processo-226|226|6|76|9|6144
processo-227|227|36|58|6|2048
processo-228|228|48|17|5|2048
processo-229|229|54|92|6|6144
processo-230|230|12|69|7|5120
processo-231|231|18|62|5|9216
processo-232|232|24|71|1|9216
processo-233|233|48|75|1|6144
processo-234|234|48|40|2|5120
processo-235|235|12|47|3|5120
processo-236|236|12|79|3|4096
processo-237|237|6|94|5|8192
processo-238|238|12|84|7|2048
processo-239|239|12|31|3|4096
processo-240|240|42|40|6|2048
processo-241|241|6|78|9|2048
processo-242|242|24|86|3|6144
processo-243|243|18|50|4|9216
processo-244|244|42|67|2|1024
processo-245|245|48|85|1|3072
processo-246|246|48|53|8|5120
processo-247|247|30|63|6|9216
processo-248|248|54|4|2|6144
processo-249|249|42|64|3|4096
processo-250|250|36|43|6|8192
processo-251|251|6|25|2|1024
processo-252|252|6|61|7|8192
processo-253|253|54|24|5|1024
processo-254|254|12|48|7|4096
processo-255|255|36|55|4|3072
processo-256|256|54|27|6|1024
processo-257|257|54|95|8|1024
processo-258|258|48|4|3|2048
processo-259|259|54|13|9|6144
processo-260|260|18|7|7|6144
processo-261|261|42|2|9|8192
processo-262|262|6|89|7|8192
processo-263|263|30|53|2|6144
processo-264|264|12|62|7|2048
processo-265|265|18|85|4|6144
processo-266|266|36|4|6|9216
processo-267|267|12|6|2|4096
processo-268|268|48|64|6|4096
processo-269|269|30|79|3|3072
processo-270|270|54|66|7|6144
processo-271|271|48|34|5|1024
processo-272|272|42|1|4|7168
processo-273|273|6|36|1|8192
processo-274|274|30|51|1|4096
processo-275|275|54|42|9|1024
processo-276|276|54|88|6|3072
processo-277|277|6|47|8|5120
processo-278|278|36|55|7|5120
processo-279|279|54|92|5|3072
processo-280|280|6|2|8|4096
processo-281|281|42|43|5|2048
processo-282|282|12|68|2|5120
processo-283|283|30|82|9|1024
processo-284|284|12|62|4|1024
processo-285|285|24|10|8|5120
processo-286|286|36|98|1|1024
processo-287|287|48|9|7|6144
processo-288|288|30|7|5|1024
processo-289|289|24|22|6|6144
processo-290|290|54|60|6|1024
processo-291|291|12|70|3|2048
processo-292|292|42|28|9|5120
processo-293|293|30|39|6|2048
processo-294|294|30|96|9|7168
processo-295|295|48|29|1|6144
processo-296|296|30|64|1|1024
processo-297|297|36|43|4|7168
processo-298|298|24|11|6|3072
processo-299|299|42|26|9|5120
processo-300|300|36|52|7|8192
processo-301|301|18|80|4|5120
processo-302|302|42|90|1|5120
processo-303|303|54|36|8|5120
processo-304|304|30|28|6|4096
processo-305|305|54|32|6|9216
processo-306|306|54|66|4|8192
processo-307|307|54|34|5|7168
processo-308|308|54|21|4|1024
processo-309|309|12|55|5|2048
processo-310|310|6|31|4|7168
processo-311|311|18|18|6|5120
processo-312|312|54|14|3|9216
processo-313|313|42|48|3|7168
processo-314|314|30|68|5|8192
processo-315|315|54|7|3|9216
processo-316|316|6|28|8|6144
processo-317|317|36|56|6|3072
processo-318|318|18|70|9|9216
processo-319|319|42|7|8|6144
processo-320|320|24|99|3|3072
processo-321|321|48|85|2|2048
processo-322|322|42|89|8|7168
processo-323|323|6|62|3|6144
processo-324|324|12|27|4|1024
processo-325|325|18|18|2|2048
processo-326|326|24|3|4|9216
processo-327|327|42|16|2|2048
processo-328|328|18|99|7|1024
processo-329|329|54|62|3|9216
processo-330|330|48|12|7|4096
processo-331|331|18|21|9|8192
processo-332|332|6|22|1|3072
processo-333|333|36|16|8|5120
processo-334|334|30|58|1|7168
processo-335|335|6|22|5|2048
processo-336|336|36|76|9|7168
processo-337|337|36|39|9|1024
processo-338|338|24|72|1|4096
processo-339|339|24|94|5|4096
processo-340|340|36|9|2|8192
processo-341|341|54|60|6|5120
processo-342|342|36|8|8|2048
processo-343|343|42|65|8|2048
processo-344|344|24|31|7|3072
processo-345|345|30|6|8|5120
processo-346|346|12|36|8|7168
processo-347|347|54|91|8|8192
processo-348|348|54|35|7|3072
processo-349|349|30|92|8|8192
processo-350|350|24|63|7|3072
processo-351|351|42|13|4|6144
processo-352|352|36|65|8|6144
processo-353|353|6|90|5|9216
processo-354|354|36|58|8|9216
processo-355|355|24|67|4|4096
processo-356|356|36|20|2|6144
processo-357|357|36|26|5|4096
processo-358|358|42|60|8|6144
processo-359|359|24|77|2|6144
processo-360|360|6|8|2|2048
processo-361|361|54|80|1|2048
processo-362|362|6|82|2|1024
processo-363|363|24|10|6|8192
processo-364|364|24|71|9|2048
processo-365|365|30|89|2|1024
processo-366|366|24|59|8|6144
processo-367|367|54|83|6|8192
processo-368|368|30|67|5|4096
processo-369|369|12|84|9|5120
processo-370|370|18|16|2|2048
processo-371|371|54|32|6|4096
processo-372|372|54|80|2|6144
processo-373|373|48|45|1|2048
processo-374|374|18|75|3|5120
processo-375|375|24|17|4|1024
processo-376|376|54|92|9|6144
processo-377|377|24|42|1|4096
processo-378|378|18|15|4|6144
processo-379|379|18|99|6|3072
processo-380|380|54|75|2|7168
processo-381|381|18|18|1|6144
processo-382|382|48|7|7|3072
processo-383|383|24|90|2|8192
processo-384|384|36|82|7|5120
processo-385|385|18|88|5|3072
processo-386|386|18|80|5|7168
processo-387|387|18|13|3|8192
processo-388|388|42|77|5|1024
processo-389|389|30|92|1|1024
processo-390|390|48|22|9|3072
processo-391|391|36|76|7|2048
processo-392|392|54|82|3|6144
processo-393|393|24|89|5|6144
processo-394|394|48|98|3|5120
processo-395|395|24|15|8|8192
processo-396|396|18|36|7|9216
processo-397|397|42|32|8|2048
processo-398|398|30|37|7|7168
processo-399|399|24|76|9|5120
processo-400|400|36|94|6|3072
processo-401|401|18|95|1|3072
processo-402|402|30|45|5|6144
processo-403|403|48|12|7|5120
processo-404|404|24|36|8|1024
processo-405|405|18|52|1|3072
processo-406|406|12|8|2|3072
processo-407|407|48|77|3|9216
processo-408|408|42|45|8|7168
processo-409|409|36|75|2|8192
processo-410|410|42|54|9|9216
processo-411|411|18|85|8|7168
processo-412|412|42|28|6|4096
processo-413|413|12|30|5|3072
processo-414|414|12|40|3|1024
processo-415|415|36|96|2|4096
processo-416|416|54|67|6|8192
processo-417|417|48|14|6|4096
processo-418|418|18|38|1|9216
processo-419|419|12|40|3|4096
processo-420|420|18|2|5|3072
processo-421|421|54|40|3|1024
processo-422|422|30|16|8|4096
processo-423|423|6|52|2|6144
processo-424|424|24|64|6|6144
processo-425|425|24|62|5|9216
processo-426|426|54|21|8|9216
processo-427|427|12|33|3|8192
processo-428|428|18|91|8|8192
processo-429|429|54|28|8|2048
processo-430|430|36|7|2|7168
processo-431|431|12|34|5|5120
processo-432|432|42|60|3|6144
processo-433|433|12|11|6|1024
processo-434|434|48|87|8|5120
processo-435|435|54|43|3|1024
processo-436|436|24|85|3|5120
processo-437|437|54|53|9|6144
processo-438|438|18|62|7|5120
processo-439|439|48|21|9|7168
processo-440|440|18|77|7|2048
processo-441|441|30|97|8|9216
processo-442|442|30|79|8|4096
processo-443|443|18|93|6|9216
processo-444|444|48|31|9|5120
processo-445|445|42|35|7|5120
processo-446|446|18|99|7|3072
processo-447|447|18|78|8|2048
processo-448|448|42|47|2|7168
processo-449|449|42|6|9|3072
processo-450|450|18|28|7|7168
processo-451|451|36|89|5|5120
processo-452|452|24|4|1|3072
processo-453|453|54|70|1|1024
processo-454|454|30|86|2|2048
processo-455|455|24|28|6|9216
processo-456|456|12|95|2|6144
processo-457|457|6|48|9|1024
processo-458|458|42|58|3|6144
processo-459|459|48|64|4|7168
processo-460|460|42|40|6|5120
processo-461|461|42|49|1|5120
processo-462|462|6|67|4|4096
processo-463|463|36|34|5|5120
processo-464|464|12|52|7|7168
processo-465|465|12|45|2|4096
processo-466|466|36|2|5|7168
processo-467|467|36|69|9|6144
processo-468|468|30|11|5|5120
processo-469|469|6|54|2|8192
processo-470|470|18|63|6|9216
processo-471|471|54|6|2|9216
processo-472|472|6|8|2|5120
processo-473|473|54|27|8|3072
processo-474|474|24|68|5|5120
processo-475|475|18|8|9|6144
processo-476|476|48|79|3|4096
processo-477|477|30|98|4|7168
processo-478|478|36|72|5|5120
processo-479|479|42|94|2|3072
processo-480|480|6|11|9|3072
processo-481|481|48|59|1|1024
processo-482|482|6|19|2|3072
processo-483|483|6|87|4|8192
processo-484|484|42|53|2|6144
processo-485|485|42|31|2|3072
processo-486|486|24|46|4|1024
processo-487|487|18|27|9|8192
processo-488|488|54|70|9|7168
processo-489|489|42|95|9|5120
processo-490|490|30|15|8|4096
processo-491|491|30|54|7|1024
processo-492|492|42|37|7|4096
processo-493|493|36|25|7|7168
processo-494|494|24|70|2|6144
processo-495|495|48|51|3|3072
processo-496|496|12|82|4|1024
processo-497|497|6|71|9|2048
processo-498|498|18|12|6|6144
processo-499|499|54|69|8|1024
processo-500|500|36|55|2|6144
processo-501|501|42|74|3|6144
processo-502|502|30|18|7|1024
processo-503|503|54|78|4|2048
processo-504|504|30|17|8|8192
processo-505|505|42|48|4|7168
processo-506|506|30|35|2|2048
processo-507|507|6|7|7|7168
processo-508|508|36|80|6|8192
processo-509|509|30|54|3|8192
processo-510|510|12|11|4|5120
processo-511|511|12|29|9|3072
processo-512|512|54|51|1|1024
processo-513|513|36|57|5|1024
processo-514|514|30|57|5|3072
processo-515|515|12|98|2|3072
processo-516|516|48|90|3|9216
processo-517|517|48|38|2|5120
processo-518|518|30|41|1|7168
processo-519|519|24|8|1|3072
processo-520|520|42|41|4|2048
processo-521|521|24|54|6|6144
processo-522|522|42|87|1|1024
processo-523|523|30|90|7|2048
processo-524|524|24|78|5|1024
processo-525|525|54|75|2|2048
processo-526|526|18|93|7|1024
processo-527|527|48|5|4|9216
processo-528|528|36|19|3|3072
processo-529|529|42|93|3|6144
processo-530|530|48|96|7|3072
processo-531|531|54|32|6|1024
processo-532|532|30|89|9|3072
processo-533|533|24|31|8|4096
processo-534|534|24|44|8|7168
processo-535|535|42|1|4|5120
processo-536|536|24|21|1|5120
processo-537|537|42|43|7|6144
processo-538|538|6|4|1|4096
processo-539|539|18|40|8|5120
processo-540|540|12|24|2|5120
processo-541|541|54|69|9|5120
processo-542|542|18|47|8|6144
processo-543|543|42|8|8|9216
processo-544|544|24|6|8|3072
processo-545|545|30|84|3|3072
processo-546|546|42|5|7|1024
processo-547|547|30|54|1|2048
processo-548|548|42|15|3|9216
processo-549|549|54|12|8|3072
processo-550|550|36|47|1|8192
processo-551|551|24|24|1|5120
processo-552|552|48|25|8|9216
processo-553|553|24|64|9|1024
processo-554|554|6|82|4|4096
processo-555|555|42|22|5|3072
processo-556|556|6|23|6|9216
processo-557|557|54|10|9|9216
processo-558|558|30|32|7|4096
processo-559|559|36|18|5|9216
processo-560|560|42|32|6|1024
processo-561|561|30|68|4|6144
processo-562|562|48|26|4|2048
processo-563|563|18|25|1|1024
processo-564|564|36|53|3|6144
processo-565|565|12|87|2|2048
processo-566|566|54|64|6|3072
processo-567|567|30|17|4|2048
processo-568|568|18|50|9|2048
processo-569|569|42|76|2|8192
processo-570|570|30|97|3|4096
processo-571|571|12|32|5|5120
processo-572|572|42|5|6|9216
processo-573|573|24|56|8|5120
processo-574|574|42|19|9|1024
processo-575|575|12|55|4|3072
processo-576|576|36|88|3|3072
processo-577|577|6|40|5|3072
processo-578|578|6|55|5|5120
processo-579|579|24|25|8|4096
processo-580|580|18|3|9|4096
processo-581|581|12|21|4|9216
processo-582|582|18|6|1|3072
processo-583|583|6|98|2|6144
processo-584|584|42|61|7|5120
processo-585|585|6|11|1|2048
processo-586|586|54|72|9|6144
processo-587|587|30|18|1|2048
processo-588|588|30|11|9|3072
processo-589|589|24|61|4|7168
processo-590|590|6|7|4|5120
processo-591|591|54|49|8|3072
processo-592|592|42|16|4|7168
processo-593|593|12|75|4|2048
processo-594|594|12|50|2|3072
processo-595|595|12|83|4|4096
processo-596|596|24|94|7|4096
processo-597|597|42|25|7|1024
processo-598|598|36|31|3|7168
processo-599|599|6|35|9|4096
processo-600|600|36|33|8|8192
processo-601|601|24|19|1|3072
processo-602|602|6|94|3|8192
processo-603|603|12|1|5|1024
processo-604|604|42|66|6|7168
processo-605|605|42|89|2|8192
processo-606|606|12|93|7|9216
processo-607|607|54|20|5|1024
processo-608|608|54|8|1|6144
processo-609|609|48|93|7|9216
processo-610|610|18|11|7|6144
processo-611|611|18|6|8|2048
processo-612|612|36|42|3|9216
processo-613|613|48|35|3|2048
processo-614|614|30|56|9|2048
processo-615|615|18|18|5|9216
processo-616|616|54|34|8|8192
processo-617|617|36|22|8|9216
processo-618|618|18|76|6|8192
processo-619|619|30|89|9|2048
processo-620|620|48|77|3|9216
processo-621|621|48|49|2|7168
processo-622|622|12|61|5|8192
processo-623|623|48|62|8|7168
processo-624|624|6|8|7|2048
processo-625|625|54|44|1|3072
processo-626|626|6|13|2|6144
processo-627|627|24|74|4|5120
processo-628|628|42|49|1|7168
processo-629|629|6|62|7|3072
processo-630|630|36|17|5|3072
processo-631|631|54|48|5|2048
processo-632|632|54|32|8|3072
processo-633|633|48|33|9|2048
processo-634|634|18|38|4|1024
processo-635|635|18|16|9|5120
processo-636|636|36|42|6|8192
processo-637|637|54|76|9|6144
processo-638|638|54|3|8|1024
processo-639|639|24|62|9|4096
processo-640|640|42|88|3|8192
processo-641|641|42|20|9|8192
processo-642|642|24|39|2|6144
processo-643|643|54|79|1|3072
processo-644|644|6|29|3|1024
processo-645|645|48|80|7|3072
processo-646|646|42|60|6|3072
processo-647|647|54|76|1|6144
processo-648|648|6|38|7|3072
processo-649|649|54|73|6|1024
processo-650|650|48|86|6|1024
processo-651|651|36|81|1|4096
processo-652|652|30|2|4|9216
processo-653|653|42|28|6|7168
processo-654|654|36|14|7|2048
processo-655|655|6|2|1|3072
processo-656|656|54|67|4|7168
processo-657|657|48|51|3|6144
processo-658|658|12|10|3|6144
processo-659|659|12|6|8|6144
processo-660|660|12|99|6|7168
processo-661|661|24|57|3|3072
processo-662|662|54|32|7|9216
processo-663|663|30|18|6|8192
processo-664|664|48|55|4|3072
processo-665|665|36|85|1|8192
processo-666|666|18|18|6|3072
processo-667|667|12|63|8|9216
processo-668|668|30|2|7|8192
processo-669|669|24|26|9|5120
processo-670|670|30|99|6|9216
processo-671|671|54|16|7|6144
processo-672|672|54|40|8|2048
processo-673|673|6|73|8|9216
processo-674|674|54|64|9|3072
processo-675|675|36|71|3|3072
processo-676|676|30|68|9|7168
processo-677|677|12|30|6|1024
processo-678|678|6|59|5|2048
processo-679|679|30|9|8|4096
processo-680|680|54|78|1|5120
processo-681|681|6|33|6|9216
processo-682|682|6|90|6|5120
processo-683|683|30|40|4|1024
processo-684|684|54|26|8|3072
processo-685|685|54|71|1|6144
processo-686|686|6|22|6|9216
processo-687|687|6|80|5|6144
processo-688|688|54|72|7|8192
processo-689|689|24|76|4|3072
processo-690|690|30|13|4|9216
processo-691|691|6|40|8|6144
processo-692|692|30|8|9|9216
processo-693|693|12|19|1|8192
processo-694|694|42|11|3|5120
processo-695|695|18|53|3|8192
processo-696|696|24|18|1|8192
processo-697|697|24|33|6|3072
processo-698|698|30|98|2|5120
processo-699|699|30|21|1|5120
processo-700|700|12|84|8|9216
processo-701|701|54|66|1|6144
processo-702|702|36|44|5|7168
processo-703|703|6|98|3|8192
processo-704|704|6|34|1|2048
processo-705|705|18|90|2|9216
processo-706|706|54|10|6|5120
processo-707|707|12|29|3|5120
processo-708|708|30|2|5|3072
processo-709|709|54|14|3|4096
processo-710|710|6|35|7|3072
processo-711|711|30|4|5|1024
processo-712|712|6|52|7|1024
processo-713|713|42|61|7|7168
processo-714|714|6|88|4|6144
processo-715|715|36|98|5|5120
processo-716|716|6|36|6|3072
processo-717|717|30|12|3|3072
processo-718|718|24|98|8|6144
processo-719|719|48|24|2|4096
processo-720|720|30|33|6|1024
processo-721|721|12|86|6|4096
processo-722|722|36|11|1|8192
processo-723|723|54|36|1|1024
processo-724|724|54|90|7|7168
processo-725|725|30|58|2|8192
processo-726|726|24|13|2|4096
processo-727|727|18|39|5|8192
processo-728|728|42|24|7|4096
processo-729|729|30|2|6|6144
processo-730|730|30|36|4|3072
processo-731|731|54|38|8|2048
processo-732|732|12|67|8|9216
processo-733|733|54|69|9|9216
processo-734|734|24|52|1|8192
processo-735|735|54|11|9|6144
processo-736|736|30|38|4|3072
processo-737|737|12|38|9|1024
processo-738|738|30|54|9|7168
processo-739|739|48|30|6|8192
processo-740|740|18|71|1|9216
processo-741|741|30|50|3|6144
processo-742|742|48|5|2|2048
processo-743|743|36|37|8|4096
processo-744|744|12|65|3|7168
processo-745|745|42|70|9|8192
processo-746|746|54|55|3|6144
processo-747|747|6|22|5|1024
processo-748|748|36|2|7|1024
processo-749|749|12|62|1|2048
processo-750|750|54|13|7|1024
processo-751|751|42|54|9|4096
processo-752|752|6|85|8|9216
processo-753|753|36|46|9|5120
processo-754|754|24|35|7|8192
processo-755|755|36|77|7|6144
processo-756|756|30|28|2|2048
processo-757|757|12|24|2|3072
processo-758|758|30|66|4|6144
processo-759|759|6|14|6|7168
processo-760|760|48|93|4|2048
processo-761|761|30|17|6|7168
processo-762|762|48|28|4|1024
processo-763|763|30|75|5|4096
processo-764|764|24|78|3|2048
processo-765|765|6|92|4|1024
processo-766|766|42|56|5|4096
processo-767|767|48|70|5|6144
processo-768|768|36|71|8|7168
processo-769|769|48|21|9|4096
processo-770|770|12|14|4|9216
processo-771|771|54|81|2|5120
processo-772|772|48|71|1|1024
processo-773|773|30|9|3|8192
processo-774|774|24|99|5|1024
processo-775|775|42|72|3|9216
processo-776|776|42|59|1|4096
processo-777|777|30|13|2|8192
processo-778|778|24|36|1|3072
processo-779|779|42|13|3|8192
processo-780|780|48|34|3|4096
processo-781|781|36|15|4|6144
processo-782|782|54|55|3|8192
processo-783|783|30|36|3|3072
processo-784|784|18|9|2|3072
processo-785|785|30|15|4|7168
processo-786|786|36|68|1|4096
processo-787|787|54|82|5|8192
processo-788|788|12|69|4|6144
processo-789|789|6|9|1|1024
processo-790|790|24|93|6|7168
processo-791|791|54|20|2|3072
processo-792|792|54|44|3|7168
processo-793|793|12|14|8|2048
processo-794|794|6|79|8|3072
processo-795|795|48|79|3|2048
processo-796|796|12|70|5|5120
processo-797|797|42|17|8|9216
processo-798|798|18|25|6|4096
processo-799|799|30|37|2|4096
processo-800|800|12|28|4|7168
processo-801|801|54|90|4|4096
processo-802|802|18|53|9|5120
processo-803|803|54|11|2|6144
processo-804|804|30|62|8|2048
processo-805|805|30|27|8|9216
processo-806|806|18|3|4|7168
processo-807|807|18|42|7|4096
processo-808|808|30|39|3|8192
processo-809|809|36|75|3|6144
processo-810|810|6|61|1|3072
processo-811|811|24|28|8|2048
processo-812|812|24|9|1|9216
processo-813|813|42|35|8|9216
processo-814|814|42|13|2|1024
processo-815|815|36|97|9|5120
processo-816|816|18|93|5|1024
processo-817|817|36|61|2|8192
processo-818|818|36|70|9|5120
processo-819|819|18|40|9|2048
processo-820|820|24|34|6|2048
processo-821|821|36|8|2|4096
processo-822|822|42|89|9|1024
processo-823|823|42|84|3|9216
processo-824|824|42|85|4|7168
processo-825|825|42|4|8|4096
processo-826|826|48|44|4|3072
processo-827|827|30|37|7|6144
processo-828|828|48|69|9|2048
processo-829|829|36|7|3|2048
processo-830|830|24|99|4|6144
processo-831|831|24|63|1|4096
processo-832|832|18|9|5|2048
processo-833|833|6|34|4|3072
processo-834|834|48|18|1|2048
processo-835|835|42|18|6|8192
processo-836|836|30|98|9|1024
processo-837|837|24|11|2|4096
processo-838|838|24|29|2|1024
processo-839|839|36|60|6|4096
processo-840|840|6|5|1|3072
processo-841|841|18|58|4|5120
processo-842|842|30|37|2|6144
processo-843|843|12|83|9|6144
processo-844|844|48|58|9|7168
processo-845|845|48|40|9|4096
processo-846|846|54|74|8|9216
processo-847|847|48|33|3|3072
processo-848|848|12|53|8|9216
processo-849|849|30|78|4|7168
processo-850|850|54|38|7|8192
processo-851|851|18|27|2|2048
processo-852|852|54|95|5|4096
processo-853|853|12|98|6|1024
processo-854|854|18|98|1|3072
processo-855|855|12|55|7|1024
processo-856|856|54|15|4|8192
processo-857|857|36|29|2|5120
processo-858|858|42|32|9|7168
processo-859|859|36|14|1|8192
processo-860|860|18|44|5|9216
processo-861|861|42|65|3|1024
processo-862|862|54|65|1|1024
processo-863|863|24|67|5|7168
processo-864|864|42|10|8|2048
processo-865|865|24|91|4|8192
processo-866|866|6|40|5|5120
processo-867|867|18|87|4|1024
processo-868|868|30|96|6|6144
processo-869|869|24|24|3|3072
processo-870|870|18|39|4|6144
processo-871|871|12|85|3|4096
processo-872|872|30|9|9|7168
processo-873|873|42|41|7|1024
processo-874|874|12|40|7|4096
processo-875|875|36|71|4|4096
processo-876|876|18|28|2|8192
processo-877|877|54|6|8|1024
processo-878|878|24|40|3|6144
processo-879|879|6|93|4|4096
processo-880|880|42|84|7|1024
processo-881|881|18|97|5|3072
processo-882|882|54|60|8|5120
processo-883|883|12|89|7|9216
processo-884|884|48|39|4|5120
processo-885|885|42|99|1|4096
processo-886|886|24|61|9|4096
processo-887|887|42|28|5|4096
processo-888|888|36|66|9|8192
processo-889|889|48|81|6|2048
processo-890|890|54|60|6|9216
processo-891|891|54|16|9|2048
processo-892|892|18|33|9|7168
processo-893|893|42|87|6|5120
processo-894|894|48|86|3|3072
processo-895|895|42|91|5|8192
processo-896|896|12|82|7|6144
processo-897|897|48|68|3|2048
processo-898|898|42|66|2|5120
processo-899|899|30|50|6|8192
processo-900|900|48|9|1|4096
processo-901|901|30|85|8|4096
processo-902|902|48|2|2|5120
processo-903|903|18|20|3|6144
processo-904|904|12|32|3|3072
processo-905|905|6|76|9|5120
processo-906|906|48|70|1|9216
processo-907|907|48|30|4|8192
processo-908|908|12|39|1|9216
processo-909|909|18|8|3|5120
processo-910|910|12|2|8|1024
processo-911|911|12|57|4|8192
processo-912|912|6|94|5|3072
processo-913|913|36|25|7|8192
processo-914|914|36|3|2|3072
processo-915|915|36|34|3|7168
processo-916|916|24|30|9|6144
processo-917|917|54|29|5|3072
processo-918|918|12|58|8|6144
processo-919|919|48|90|7|3072
processo-920|920|54|20|9|6144
processo-921|921|48|43|2|4096
processo-922|922|18|86|6|9216
processo-923|923|24|98|5|3072
processo-924|924|18|62|1|7168
processo-925|925|12|66|3|9216
processo-926|926|24|94|7|1024
processo-927|927|24|70|2|9216
processo-928|928|18|58|2|4096
processo-929|929|12|82|5|9216
processo-930|930|42|90|3|4096
processo-931|931|48|78|5|6144
processo-932|932|18|48|4|3072
processo-933|933|48|94|2|9216
processo-934|934|24|88|8|8192
processo-935|935|36|26|6|1024
processo-936|936|30|74|4|1024
processo-937|937|48|17|3|7168
processo-938|938|54|15|8|6144
processo-939|939|12|75|7|6144
processo-940|940|6|64|8|2048
processo-941|941|54|33|2|8192
processo-942|942|24|72|5|4096
processo-943|943|48|48|6|7168
processo-944|944|30|7|1|5120
processo-945|945|54|63|4|4096
processo-946|946|30|10|5|6144
processo-947|947|42|90|6|4096
processo-948|948|54|99|3|5120
processo-949|949|30|28|6|2048
processo-950|950|42|80|2|7168
processo-951|951|36|34|7|6144
processo-952|952|18|66|4|9216
processo-953|953|48|34|2|6144
processo-954|954|30|87|6|6144
processo-955|955|42|62|9|8192
processo-956|956|12|2|7|8192
processo-957|957|54|4|7|2048
processo-958|958|48|26|7|8192
processo-959|959|36|67|4|3072
processo-960|960|12|41|4|9216
processo-961|961|48|40|3|2048
processo-962|962|54|69|3|3072
processo-963|963|24|99|3|2048
processo-964|964|42|53|7|8192
processo-965|965|54|23|5|6144
processo-966|966|42|66|3|7168
processo-967|967|42|93|4|3072
processo-968|968|24|31|4|7168
processo-969|969|30|49|7|9216
processo-970|970|18|96|6|5120
processo-971|971|54|82|5|5120
processo-972|972|36|92|6|2048
processo-973|973|36|50|2|9216
processo-974|974|24|42|5|3072
processo-975|975|48|91|2|5120
processo-976|976|12|51|9|8192
processo-977|977|24|20|7|3072
processo-978|978|12|55|7|3072
processo-979|979|54|42|3|3072
processo-980|980|18|77|1|7168
processo-981|981|48|21|1|5120
processo-982|982|18|22|9|1024
processo-983|983|42|82|2|3072
processo-984|984|36|97|7|1024
processo-985|985|18|63|1|8192
processo-986|986|30|16|3|4096
processo-987|987|48|13|2|7168
processo-988|988|48|58|5|5120
processo-989|989|54|67|9|7168
processo-990|990|48|70|6|1024
processo-991|991|36|3|2|2048
processo-992|992|36|95|4|9216
processo-993|993|24|59|4|6144
processo-994|994|36|97|4|4096
processo-995|995|30|88|2|1024
processo-996|996|30|13|9|8192
processo-997|997|12|54|4|9216
processo-998|998|48|69|2|1024
processo-999|999|36|85|7|1024
processo-1000|1000|12|38|9|8192
processo-1001|1001|36|57|4|1024
processo-1002|1002|54|45|9|4096
processo-1003|1003|36|49|1|3072
processo-1004|1004|24|82|6|7168
processo-1005|1005|30|81|3|2048
processo-1006|1006|54|19|9|1024
processo-1007|1007|42|56|9|7168
processo-1008|1008|24|2|6|5120
processo-1009|1009|18|71|2|6144
processo-1010|1010|12|1|2|9216
processo-1011|1011|48|56|6|4096
processo-1012|1012|36|70|1|3072
processo-1013|1013|42|80|9|5120
processo-1014|1014|36|68|5|1024
processo-1015|1015|24|53|1|9216
processo-1016|1016|18|22|7|9216
processo-1017|1017|18|99|1|4096
processo-1018|1018|18|54|7|5120
processo-1019|1019|42|75|6|2048
processo-1020|1020|54|25|8|3072
processo-1021|1021|24|63|8|4096
processo-1022|1022|36|19|6|1024
processo-1023|1023|18|77|6|2048
