prioridade|8
processo-0|0|56|95|1|5120
processo-1|1|32|10|6|7168
processo-2|2|72|65|9|9216
processo-3|3|64|27|3|7168
processo-4|4|56|88|2|8192
processo-5|5|16|85|5|1024
processo-6|6|32|16|1|5120
processo-7|7|40|75|4|4096
processo-8|8|24|12|5|2048
processo-9|9|64|22|5|5120
processo-10|10|64|90|1|2048
processo-11|11|64|30|4|2048
processo-12|12|48|54|5|5120
processo-13|13|72|3|1|2048
processo-14|14|16|99|7|2048
processo-15|15|72|12|1|5120
processo-16|16|72|55|6|1024
processo-17|17|16|56|5|2048
processo-18|18|40|49|1|4096
processo-19|19|16|97|3|7168
processo-20|20|32|54|1|2048
processo-21|21|32|37|9|2048
processo-22|22|56|84|1|8192
processo-23|23|48|26|9|2048
processo-24|24|56|53|1|3072
processo-25|25|48|98|2|8192
processo-26|26|8|88|4|1024
processo-27|27|64|4|2|1024
processo-28|28|40|98|9|9216
processo-29|29|16|73|9|2048
processo-30|30|8|68|6|9216
processo-31|31|8|24|9|4096
processo-32|32|40|3|1|8192
processo-33|33|32|6|5|3072
processo-34|34|24|62|6|8192
processo-35|35|48|46|1|2048
processo-36|36|48|51|7|1024
processo-37|37|72|10|9|6144
processo-38|38|40|31|3|5120
processo-39|39|56|66|2|3072
processo-40|40|48|71|9|3072
processo-41|41|24|68|1|8192
processo-42|42|56|76|4|7168
processo-43|43|24|93|2|7168
processo-44|44|64|9|5|6144
processo-45|45|72|39|8|6144
processo-46|46|24|9|8|7168
processo-47|47|32|60|7|8192
processo-48|48|40|83|1|3072
processo-49|49|64|82|2|9216
processo-50|50|32|47|4|8192
processo-51|51|24|32|6|9216
processo-52|52|16|64|8|4096
processo-53|53|40|46|2|7168
processo-54|54|8|26|6|7168
processo-55|55|8|30|4|2048
processo-56|56|64|28|6|7168
processo-57|57|48|19|4|7168
processo-58|58|64|33|7|6144
processo-59|59|72|19|3|9216
processo-60|60|40|16|7|9216
processo-61|61|56|1|3|4096
processo-62|62|24|92|7|4096
processo-63|63|72|47|4|3072
processo-64|64|16|24|3|9216
processo-65|65|24|52|8|3072
processo-66|66|56|21|8|9216
processo-67|67|64|96|8|9216
processo-68|68|16|6|1|5120
processo-69|69|32|48|8|9216
processo-70|70|72|59|9|6144
processo-71|71|48|11|6|1024
processo-72|72|8|30|3|5120
processo-73|73|64|7|6|9216
processo-74|74|72|90|5|1024
processo-75|75|48|10|2|2048
processo-76|76|40|49|6|7168
processo-77|77|48|17|1|5120
processo-78|78|8|56|3|2048
processo-79|79|32|4|1|7168
processo-80|80|48|77|8|8192
processo-81|81|16|24|8|9216
processo-82|82|8|29|1|8192
processo-83|83|64|38|2|5120
processo-84|84|64|56|4|2048
processo-85|85|24|33|4|1024
processo-86|86|40|82|2|9216
processo-87|87|32|96|1|2048
processo-88|88|56|19|3|4096
processo-89|89|56|54|5|6144
processo-90|90|32|14|1|6144
processo-91|91|72|13|1|5120
processo-92|92|8|79|1|5120
processo-93|93|40|72|5|9216
processo-94|94|16|25|1|5120
processo-95|95|48|46|4|3072
processo-96|96|48|1|2|1024
processo-97|97|72|7|2|4096
processo-98|98|48|56|6|7168
processo-99|99|64|54|7|4096
processo-100|100|16|6|8|7168
processo-101|101|24|51|3|2048
processo-102|102|32|89|3|5120
processo-103|103|16|54|7|1024
processo-104|104|40|59|9|6144
processo-105|105|72|93|8|9216
processo-106|106|8|41|8|1024
processo-107|107|16|39|9|9216
processo-108|108|24|30|7|8192
processo-109|109|64|64|3|9216
processo-110|110|64|34|5|2048
processo-111|111|8|58|7|8192
processo-112|112|40|32|2|9216
processo-113|113|32|75|1|8192
processo-114|114|8|46|3|6144
processo-115|115|56|57|4|3072
processo-116|116|72|8|7|8192
processo-117|117|72|18|5|2048
processo-118|118|24|51|9|9216
processo-119|119|40|57|6|4096
processo-120|120|40|15|5|2048
processo-121|121|40|64|7|9216
processo-122|122|64|43|9|7168
processo-123|123|40|29|1|6144
processo-124|124|48|23|5|2048
processo-125|125|56|80|2|4096
processo-126|126|72|79|1|9216
processo-127|127|32|74|5|6144
processo-128|128|64|54|4|3072
processo-129|129|64|45|3|9216
processo-130|130|48|92|8|5120
processo-131|131|16|48|9|1024
processo-132|132|48|85|1|9216
processo-133|133|40|81|4|7168
processo-134|134|16|53|4|8192
processo-135|135|24|29|5|2048
processo-136|136|72|17|2|9216
processo-137|137|8|71|8|6144
processo-138|138|56|60|6|6144
processo-139|139|72|12|4|1024
processo-140|140|72|89|7|7168
processo-141|141|48|72|4|2048
processo-142|142|8|2|8|3072
processo-143|143|8|54|9|3072
processo-144|144|32|19|7|1024
processo-145|145|24|24|3|5120
processo-146|146|8|37|3|2048
processo-147|147|40|76|4|1024
processo-148|148|56|8|6|2048
processo-149|149|24|4|1|5120
processo-150|150|72|70|3|3072
processo-151|151|16|20|8|9216
processo-152|152|48|92|7|6144
processo-153|153|40|13|8|5120
processo-154|154|8|29|9|1024
processo-155|155|24|91|2|8192
processo-156|156|8|22|1|3072
processo-157|157|24|94|2|7168
processo-158|158|16|12|6|1024
processo-159|159|40|69|5|3072
processo-160|160|48|50|5|1024
processo-161|161|48|36|8|1024
processo-162|162|64|50|1|4096
processo-163|163|40|12|5|6144
processo-164|164|48|74|8|3072
processo-165|165|48|27|4|1024
processo-166|166|16|92|7|3072
processo-167|167|32|32|5|6144
processo-168|168|56|75|8|8192
processo-169|169|16|9|7|5120
processo-170|170|48|75|2|9216
processo-171|171|40|37|1|9216
processo-172|172|40|83|2|9216
processo-173|173|24|52|2|3072
processo-174|174|24|49|6|6144
processo-175|175|32|54|9|2048
processo-176|176|32|80|6|5120
processo-177|177|24|36|7|5120
processo-178|178|16|72|9|6144
processo-179|179|16|97|9|5120
processo-180|180|64|63|5|9216
processo-181|181|56|75|3|1024
processo-182|182|16|75|1|6144
processo-183|183|56|83|5|5120
processo-184|184|72|71|5|7168
processo-185|185|64|87|2|7168
processo-186|186|40|13|3|7168
processo-187|187|48|40|6|4096
processo-188|188|40|81|9|6144
processo-189|189|16|31|7|3072
processo-190|190|48|70|5|4096
processo-191|191|24|30|6|8192
processo-192|192|72|62|8|4096
processo-193|193|72|46|7|7168
processo-194|194|40|65|8|9216
processo-195|195|40|60|7|3072
processo-196|196|48|90|2|1024
processo-197|197|48|86|1|5120
processo-198|198|40|39|5|2048
processo-199|199|64|49|2|3072
processo-200|200|16|76|4|6144
processo-201|201|40|40|9|6144
processo-202|202|40|92|6|3072
processo-203|203|64|56|5|1024
processo-204|204|24|96|3|4096
processo-205|205|48|5|1|2048
processo-206|206|48|13|4|5120
processo-207|207|32|37|9|2048
processo-208|208|32|92|3|5120
processo-209|209|48|77|8|2048
processo-210|210|24|85|4|7168
processo-211|211|24|98|9|8192
processo-212|212|72|38|3|4096
processo-213|213|8|56|5|6144
processo-214|214|8|8|5|4096
processo-215|215|64|25|9|8192
processo-216|216|72|46|4|1024
processo-217|217|48|80|9|5120
processo-218|218|16|70|8|7168
processo-219|219|8|87|8|8192
processo-220|220|72|21|9|9216
processo-221|221|64|4|8|7168
processo-222|222|32|80|5|5120
processo-223|223|32|38|4|1024
processo-224|224|72|16|7|3072
processo-225|225|72|96|9|8192
processo-226|226|48|35|9|2048
processo-227|227|72|89|8|8192
processo-228|228|8|14|7|5120
processo-229|229|48|82|9|1024
processo-230|230|8|81|3|3072
processo-231|231|72|72|7|8192
processo-232|232|48|61|9|7168
processo-233|233|64|34|4|6144
processo-234|234|64|39|4|1024
processo-235|235|64|33|5|1024
processo-236|236|32|19|1|9216
processo-237|237|48|39|2|7168
processo-238|238|32|22|8|6144
processo-239|239|16|16|7|9216
processo-240|240|48|85|8|5120
processo-241|241|16|45|4|2048
processo-242|242|16|29|4|7168
processo-243|243|48|75|5|2048
processo-244|244|8|40|8|4096
processo-245|245|40|97|8|3072
processo-246|246|56|5|9|9216
processo-247|247|64|15|6|4096
processo-248|248|72|16|1|6144
processo-249|249|48|81|9|4096
processo-250|250|56|50|2|1024
processo-251|251|16|19|5|2048
processo-252|252|40|91|9|4096
processo-253|253|64|67|4|1024
processo-254|254|16|45|6|2048
processo-255|255|40|97|6|7168
processo-256|256|16|12|3|9216
processo-257|257|48|82|1|6144
processo-258|258|40|44|3|6144
processo-259|259|40|76|3|8192
processo-260|260|8|38|7|7168
processo-261|261|8|77|3|7168
processo-262|262|48|77|6|1024
processo-263|263|64|96|3|1024
processo-264|264|64|46|7|2048
processo-265|265|64|79|1|1024
processo-266|266|8|74|9|3072
processo-267|267|72|9|6|5120
processo-268|268|48|27|7|2048
processo-269|269|16|82|2|5120
processo-270|270|8|47|6|7168
processo-271|271|72|13|6|4096
processo-272|272|40|72|7|4096
processo-273|273|16|85|5|3072
processo-274|274|72|72|9|4096
processo-275|275|24|67|1|4096
processo-276|276|16|44|3|2048
processo-277|277|32|57|7|8192
processo-278|278|64|41|5|5120
processo-279|279|40|52|8|1024
processo-280|280|8|79|1|9216
processo-281|281|40|21|9|8192
processo-282|282|64|64|9|7168
processo-283|283|48|13|8|2048
processo-284|284|64|50|2|7168
processo-285|285|32|37|5|5120
processo-286|286|64|41|4|5120
processo-287|287|40|27|3|4096
processo-288|288|48|9|8|2048
processo-289|289|56|50|5|4096
processo-290|290|40|62|8|3072
processo-291|291|56|11|5|8192
processo-292|292|72|1|1|5120
processo-293|293|40|36|5|3072
processo-294|294|40|26|7|9216
processo-295|295|40|49|1|8192
processo-296|296|16|25|2|7168
processo-297|297|56|89|1|5120
processo-298|298|56|35|1|8192
processo-299|299|56|41|8|7168
processo-300|300|40|7|1|5120
processo-301|301|56|36|2|9216
processo-302|302|16|55|7|7168
processo-303|303|64|89|9|7168
processo-304|304|56|49|5|3072
processo-305|305|56|47|7|2048
processo-306|306|16|9|9|5120
processo-307|307|40|11|5|1024
processo-308|308|16|73|6|6144
processo-309|309|40|74|3|1024
processo-310|310|32|68|6|5120
processo-311|311|8|86|2|2048
processo-312|312|64|62|7|8192
processo-313|313|56|20|2|4096
processo-314|314|72|32|2|5120
processo-315|315|8|65|4|9216
processo-316|316|8|53|3|8192
processo-317|317|24|6|7|9216
processo-318|318|32|40|8|4096
processo-319|319|48|82|3|3072
processo-320|320|56|11|4|5120
processo-321|321|64|3|5|7168
processo-322|322|64|75|1|8192
processo-323|323|64|95|7|8192
processo-324|324|48|82|4|2048
processo-325|325|48|69|5|5120
processo-326|326|64|56|4|8192
processo-327|327|40|38|8|2048
processo-328|328|32|30|7|1024
processo-329|329|40|63|9|8192
processo-330|330|24|89|3|2048
processo-331|331|16|74|9|8192
processo-332|332|72|72|9|4096
processo-333|333|48|93|8|7168
processo-334|334|32|16|4|4096
processo-335|335|32|31|9|1024
processo-336|336|72|6|4|2048
processo-337|337|72|22|4|9216
processo-338|338|8|30|3|4096
processo-339|339|40|73|1|5120
processo-340|340|48|12|9|6144
processo-341|341|24|56|6|1024
processo-342|342|8|55|3|1024
processo-343|343|16|78|2|7168
processo-344|344|8|44|5|8192
processo-345|345|40|76|6|7168
processo-346|346|64|83|2|1024
processo-347|347|24|76|5|5120
processo-348|348|48|38|1|4096
processo-349|349|48|5|5|7168
processo-350|350|72|93|8|3072
processo-351|351|48|66|6|8192
processo-352|352|64|55|3|2048
processo-353|353|24|87|5|7168
processo-354|354|56|14|1|1024
processo-355|355|24|90|7|6144
processo-356|356|56|43|5|9216
processo-357|357|72|27|1|3072
processo-358|358|32|90|5|4096
processo-359|359|48|58|3|5120
processo-360|360|72|7|9|5120
processo-361|361|8|73|4|8192
processo-362|362|32|71|7|6144
processo-363|363|72|10|4|9216
processo-364|364|16|30|8|9216
processo-365|365|56|46|6|7168
processo-366|366|56|90|1|8192
processo-367|367|24|23|1|5120
processo-368|368|56|6|3|2048
processo-369|369|40|48|2|5120
processo-370|370|24|95|1|5120
processo-371|371|8|97|3|5120
processo-372|372|64|61|6|7168
processo-373|373|72|39|3|6144
processo-374|374|72|45|6|3072
processo-375|375|24|80|8|8192
processo-376|376|32|14|1|1024
processo-377|377|64|97|6|9216
processo-378|378|64|82|7|8192
processo-379|379|72|46|3|9216
processo-380|380|16|19|9|9216
processo-381|381|40|39|7|9216
processo-382|382|40|89|1|7168
processo-383|383|72|6|3|5120
processo-384|384|40|17|4|1024
processo-385|385|72|75|3|9216
processo-386|386|32|44|7|5120
processo-387|387|8|70|6|5120
processo-388|388|40|53|8|2048
processo-389|389|16|31|2|3072
processo-390|390|64|53|7|3072
processo-391|391|72|54|3|7168
processo-392|392|64|59|6|9216
processo-393|393|32|44|5|4096
processo-394|394|24|18|6|2048
processo-395|395|72|57|3|4096
processo-396|396|72|36|2|3072
processo-397|397|32|44|3|9216
processo-398|398|24|49|1|5120
processo-399|399|32|20|5|8192
processo-400|400|24|19|6|9216
processo-401|401|48|41|6|9216
processo-402|402|24|97|9|9216
processo-403|403|64|83|2|1024
processo-404|404|8|43|6|7168
processo-405|405|24|15|8|8192
processo-406|406|40|53|8|1024
processo-407|407|72|23|4|6144
processo-408|408|72|71|5|9216
processo-409|409|32|31|9|5120
processo-410|410|64|3|6|4096
processo-411|411|64|80|7|2048
processo-412|412|8|49|7|5120
processo-413|413|32|91|7|9216
processo-414|414|72|70|8|7168
processo-415|415|8|45|4|6144
processo-416|416|16|77|9|7168
processo-417|417|56|64|9|5120
processo-418|418|40|57|4|7168
processo-419|419|40|79|2|3072
processo-420|420|72|38|8|1024
processo-421|421|48|28|2|9216
processo-422|422|48|20|3|4096
processo-423|423|24|35|2|7168
processo-424|424|48|94|1|3072
processo-425|425|72|40|5|4096
processo-426|426|56|16|8|3072
processo-427|427|72|39|1|2048
processo-428|428|56|50|9|7168
processo-429|429|8|89|1|6144
processo-430|430|16|86|8|1024
processo-431|431|56|74|1|2048
processo-432|432|64|61|1|5120
processo-433|433|40|27|8|5120
processo-434|434|24|31|6|4096
processo-435|435|48|57|9|5120
processo-436|436|48|27|2|8192
processo-437|437|40|35|8|6144
processo-438|438|16|31|7|4096
processo-439|439|24|64|6|6144
processo-440|440|24|85|9|1024
processo-441|441|64|95|9|1024
processo-442|442|24|62|6|2048
processo-443|443|8|38|4|1024
processo-444|444|8|34|6|8192
processo-445|445|24|59|5|5120
processo-446|446|72|61|7|3072
processo-447|447|72|68|8|3072
processo-448|448|48|90|4|9216
processo-449|449|32|53|7|3072
processo-450|450|64|50|8|1024
processo-451|451|16|30|1|6144
processo-452|452|40|36|2|8192
processo-453|453|64|74|6|9216
processo-454|454|48|45|3|6144
processo-455|455|40|98|9|1024
processo-456|456|32|63|4|8192
processo-457|457|72|96|5|4096
processo-458|458|40|28|2|6144
processo-459|459|32|45|4|3072
processo-460|460|48|40|8|7168
processo-461|461|8|3|7|4096
processo-462|462|64|58|3|6144
processo-463|463|48|33|3|7168
processo-464|464|72|70|1|2048
processo-465|465|16|94|7|3072
processo-466|466|32|78|6|5120
processo-467|467|48|87|8|6144
processo-468|468|64|20|2|4096
processo-469|469|24|32|3|6144
processo-470|470|64|83|9|6144
processo-471|471|16|4|5|5120
processo-472|472|72|18|7|9216
processo-473|473|8|45|4|3072
processo-474|474|56|11|3|4096
processo-475|475|64|66|5|5120
processo-476|476|16|14|6|6144
processo-477|477|40|14|7|7168
processo-478|478|40|91|1|3072
processo-479|479|16|82|9|3072
processo-480|480|32|90|8|2048
processo-481|481|64|5|2|6144
processo-482|482|56|54|2|2048
processo-483|483|56|5|5|9216
processo-484|484|16|68|7|3072
processo-485|485|32|2|8|1024
processo-486|486|16|66|2|4096
processo-487|487|8|62|7|9216
processo-488|488|16|9|4|3072
processo-489|489|40|44|4|4096
processo-490|490|56|23|8|8192
processo-491|491|8|69|8|7168
processo-492|492|64|57|7|6144
processo-493|493|32|91|5|3072
processo-494|494|40|25|6|2048
processo-495|495|24|68|9|7168
processo-496|496|72|3|9|6144
processo-497|497|64|87|4|3072
processo-498|498|40|90|4|4096
processo-499|499|48|82|9|3072
processo-500|500|24|69|3|6144
processo-501|501|32|3|5|3072
processo-502|502|24|69|4|8192
processo-503|503|64|42|3|5120
processo-504|504|40|56|4|6144
processo-505|505|64|67|8|4096
processo-506|506|40|76|3|9216
processo-507|507|32|98|4|9216
processo-508|508|24|61|4|8192
processo-509|509|24|94|1|1024
processo-510|510|56|85|9|6144
processo-511|511|8|5|6|7168
processo-512|512|24|55|6|5120
processo-513|513|32|70|2|4096
processo-514|514|48|68|2|8192
processo-515|515|32|46|4|7168
processo-516|516|64|78|7|6144
processo-517|517|56|34|3|3072
processo-518|518|16|17|5|6144
processo-519|519|8|13|4|3072
processo-520|520|64|78|8|5120
processo-521|521|72|11|4|9216
processo-522|522|24|75|1|9216
processo-523|523|24|41|4|7168
processo-524|524|64|70|8|2048
processo-525|525|24|28|3|2048
processo-526|526|64|96|3|3072
processo-527|527|64|48|6|7168
processo-528|528|64|60|8|6144
processo-529|529|24|76|3|5120
processo-530|530|40|84|1|6144
processo-531|531|56|16|3|4096
processo-532|532|48|5|2|7168
processo-533|533|40|17|5|3072
processo-534|534|16|96|5|7168
processo-535|535|16|70|8|1024
processo-536|536|8|31|8|5120
processo-537|537|40|35|1|3072
processo-538|538|40|76|3|1024
processo-539|539|72|62|4|6144
processo-540|540|40|23|5|5120
processo-541|541|72|83|4|6144
processo-542|542|16|91|1|8192
processo-543|543|16|18|4|9216
processo-544|544|8|17|4|8192
processo-545|545|56|8|4|9216
processo-546|546|64|98|2|7168
processo-547|547|24|27|4|1024
processo-548|548|16|91|8|6144
processo-549|549|64|34|5|3072
processo-550|550|40|76|2|6144
processo-551|551|16|82|3|3072
processo-552|552|32|64|4|4096
processo-553|553|48|59|4|7168
processo-554|554|40|47|7|1024
processo-555|555|64|11|2|8192
processo-556|556|64|70|3|8192
processo-557|557|24|22|8|9216
processo-558|558|16|50|7|3072
processo-559|559|40|16|9|7168
processo-560|560|16|37|2|4096
processo-561|561|8|55|9|6144
processo-562|562|24|73|7|9216
processo-563|563|72|37|9|5120
processo-564|564|24|7|3|3072
processo-565|565|32|71|4|7168
processo-566|566|64|94|3|4096
processo-567|567|24|97|1|7168
processo-568|568|8|94|7|5120
processo-569|569|40|95|5|4096
processo-570|570|16|68|3|7168
processo-571|571|8|28|2|7168
processo-572|572|72|38|9|6144
processo-573|573|24|90|3|6144
processo-574|574|72|5|4|1024
processo-575|575|8|64|3|7168
processo-576|576|56|7|3|7168
processo-577|577|8|36|2|7168
processo-578|578|72|69|4|2048
processo-579|579|48|22|1|5120
processo-580|580|32|80|8|5120
processo-581|581|64|32|9|4096
processo-582|582|8|21|7|4096
processo-583|583|8|47|4|7168
processo-584|584|24|13|5|9216
processo-585|585|72|75|5|5120
processo-586|586|56|89|5|1024
processo-587|587|56|16|1|8192
processo-588|588|24|79|8|6144
processo-589|589|40|2|8|8192
processo-590|590|32|32|5|3072
processo-591|591|72|19|4|1024
processo-592|592|72|18|3|5120
processo-593|593|48|24|1|5120
processo-594|594|32|85|3|6144
processo-595|595|16|34|1|2048
processo-596|596|8|42|3|9216
processo-597|597|72|92|2|4096
processo-598|598|40|31|9|4096
processo-599|599|32|8|6|7168
processo-600|600|8|33|7|2048
processo-601|601|24|59|5|3072
processo-602|602|24|48|5|4096
processo-603|603|24|21|9|6144
processo-604|604|72|65|5|3072
processo-605|605|56|47|2|9216
processo-606|606|16|91|4|4096
processo-607|607|40|89|3|6144
processo-608|608|72|86|6|3072
processo-609|609|64|52|3|6144
processo-610|610|64|32|4|1024
processo-611|611|40|42|5|2048
processo-612|612|56|53|1|4096
processo-613|613|40|60|5|9216
processo-614|614|64|17|6|6144
processo-615|615|72|8|1|6144
processo-616|616|40|33|3|8192
processo-617|617|32|75|1|6144
processo-618|618|48|52|4|5120
processo-619|619|32|32|6|5120
processo-620|620|72|13|6|5120
processo-621|621|24|2|8|6144
processo-622|622|72|25|4|4096
processo-623|623|56|42|5|8192
processo-624|624|40|47|1|9216
processo-625|625|56|80|5|2048
processo-626|626|48|60|6|3072
processo-627|627|48|81|1|4096
processo-628|628|48|25|3|4096
processo-629|629|48|59|3|8192
processo-630|630|24|73|3|3072
processo-631|631|40|25|9|7168
processo-632|632|40|56|4|5120
processo-633|633|40|30|6|3072
processo-634|634|72|63|7|4096
processo-635|635|8|64|3|2048
processo-636|636|72|76|2|6144
processo-637|637|56|10|6|3072
processo-638|638|72|35|8|4096
processo-639|639|24|50|4|5120
processo-640|640|72|58|4|7168
processo-641|641|24|94|2|5120
processo-642|642|24|6|6|9216
processo-643|643|24|25|5|1024
processo-644|644|32|97|6|4096
processo-645|645|32|45|1|3072
processo-646|646|16|25|1|8192
processo-647|647|40|28|6|7168
processo-648|648|24|7|2|3072
processo-649|649|48|64|1|2048
processo-650|650|32|81|3|8192
processo-651|651|56|44|2|1024
processo-652|652|16|99|7|2048
processo-653|653|64|80|1|7168
processo-654|654|64|5|7|1024
processo-655|655|64|21|4|8192
processo-656|656|72|62|9|5120
processo-657|657|48|96|1|5120
processo-658|658|64|57|1|2048
processo-659|659|24|97|1|5120
processo-660|660|64|33|5|6144
processo-661|661|32|20|9|8192
processo-662|662|72|45|3|7168
processo-663|663|72|8|7|9216
processo-664|664|16|59|7|8192
processo-665|665|32|13|3|7168
processo-666|666|72|35|1|6144
processo-667|667|8|26|3|6144
processo-668|668|8|82|2|9216
processo-669|669|24|49|5|7168
processo-670|670|24|68|9|9216
processo-671|671|40|2|5|1024
processo-672|672|32|47|8|3072
processo-673|673|40|22|9|6144
processo-674|674|64|34|1|4096
processo-675|675|16|41|4|5120
processo-676|676|56|95|5|8192
processo-677|677|8|87|4|6144
processo-678|678|64|62|8|8192
processo-679|679|32|80|7|5120
processo-680|680|48|49|3|2048
processo-681|681|40|21|2|4096
processo-682|682|32|8|7|7168
processo-683|683|8|82|2|1024
processo-684|684|24|71|6|7168
processo-685|685|16|41|4|5120
processo-686|686|16|89|1|7168
processo-687|687|32|73|2|7168
processo-688|688|16|49|8|7168
processo-689|689|16|60|4|1024
processo-690|690|24|35|8|7168
processo-691|691|64|72|9|7168
processo-692|692|64|90|4|2048
processo-693|693|16|58|4|8192
processo-694|694|16|63|3|2048
processo-695|695|48|72|8|4096
processo-696|696|48|23|8|3072
processo-697|697|24|35|6|5120
processo-698|698|48|54|6|8192
processo-699|699|16|64|8|6144
processo-700|700|56|52|4|2048
processo-701|701|72|2|1|7168
processo-702|702|40|51|5|7168
processo-703|703|40|4|8|2048
processo-704|704|40|42|3|9216
processo-705|705|8|79|8|7168
processo-706|706|24|31|1|9216
processo-707|707|56|81|6|1024
processo-708|708|72|73|9|3072
processo-709|709|56|36|6|8192
processo-710|710|32|89|7|9216
processo-711|711|8|41|7|8192
processo-712|712|8|39|3|4096
processo-713|713|64|8|7|8192
processo-714|714|8|56|7|4096
processo-715|715|72|43|7|5120
processo-716|716|48|12|5|7168
processo-717|717|64|20|9|6144
processo-718|718|48|85|1|6144
processo-719|719|8|64|9|9216
processo-720|720|24|69|5|3072
processo-721|721|24|10|6|4096
processo-722|722|56|13|9|4096
processo-723|723|72|36|5|6144
processo-724|724|64|17|8|5120
processo-725|725|16|81|7|8192
processo-726|726|16|11|3|2048
processo-727|727|40|18|7|2048
processo-728|728|16|83|6|4096
processo-729|729|56|36|4|8192
processo-730|730|64|36|5|1024
processo-731|731|8|67|5|1024
processo-732|732|16|11|5|1024
processo-733|733|56|79|4|8192
processo-734|734|56|6|7|9216
processo-735|735|64|45|7|6144
processo-736|736|32|39|5|7168
processo-737|737|72|49|6|2048
processo-738|738|24|45|8|9216
processo-739|739|24|7|6|8192
processo-740|740|72|25|6|6144
processo-741|741|72|63|8|8192
processo-742|742|8|8|9|8192
processo-743|743|16|11|6|2048
processo-744|744|48|30|9|3072
processo-745|745|32|40|9|4096
processo-746|746|40|54|3|3072
processo-747|747|72|47|1|2048
processo-748|748|40|72|8|9216
processo-749|749|48|13|4|1024
processo-750|750|48|90|9|8192
processo-751|751|16|69|2|1024
processo-752|752|24|65|6|9216
processo-753|753|64|64|3|4096
processo-754|754|48|68|8|2048
processo-755|755|56|90|5|2048
processo-756|756|24|93|6|4096
processo-757|757|40|52|8|7168
processo-758|758|8|43|4|4096
processo-759|759|24|57|5|9216
processo-760|760|40|15|1|6144
processo-761|761|64|46|3|1024
processo-762|762|64|40|4|1024
processo-763|763|32|44|7|4096
processo-764|764|8|17|5|5120
processo-765|765|40|30|6|5120
processo-766|766|40|72|4|4096
processo-767|767|40|96|4|7168
processo-768|768|56|30|3|6144
processo-769|769|48|47|6|1024
processo-770|770|40|3|1|8192
processo-771|771|64|70|3|9216
processo-772|772|64|8|5|1024
processo-773|773|16|96|7|5120
processo-774|774|24|46|4|5120
processo-775|775|40|81|8|9216
processo-776|776|72|51|2|1024
processo-777|777|8|31|4|8192
processo-778|778|8|45|3|7168
processo-779|779|8|2|7|1024
processo-780|780|16|53|1|7168
processo-781|781|56|32|3|5120
processo-782|782|16|51|4|5120
processo-783|783|56|43|9|9216
processo-784|784|16|66|7|5120
processo-785|785|72|95|7|4096
processo-786|786|72|65|8|3072
processo-787|787|48|49|8|8192
processo-788|788|8|47|9|1024
processo-789|789|32|36|4|4096
processo-790|790|72|48|6|2048
processo-791|791|32|63|8|6144
processo-792|792|56|19|2|7168
processo-793|793|24|6|9|8192
processo-794|794|32|54|7|4096
processo-795|795|24|7|5|6144
processo-796|796|32|84|2|6144
processo-797|797|24|87|9|6144
processo-798|798|24|97|8|8192
processo-799|799|32|31|3|8192
processo-800|800|32|65|6|5120
processo-801|801|32|44|7|5120
processo-802|802|48|61|5|9216
processo-803|803|40|13|7|1024
processo-804|804|24|7|7|7168
processo-805|805|32|37|2|3072
processo-806|806|8|4|4|1024
processo-807|807|24|50|1|2048
processo-808|808|24|18|4|7168
processo-809|809|32|18|1|6144
processo-810|810|48|14|3|4096
processo-811|811|16|49|8|2048
processo-812|812|16|53|2|6144
processo-813|813|48|25|2|3072
processo-814|814|32|36|8|8192
processo-815|815|72|7|5|6144
processo-816|816|24|6|1|1024
processo-817|817|56|47|4|9216
processo-818|818|24|73|6|8192
processo-819|819|24|52|7|4096
processo-820|820|48|73|5|2048
processo-821|821|24|50|5|8192
processo-822|822|24|74|8|3072
processo-823|823|8|65|9|6144
processo-824|824|64|17|1|7168
processo-825|825|72|87|9|5120
processo-826|826|8|75|8|3072
processo-827|827|8|59|3|5120
processo-828|828|24|67|9|2048
processo-829|829|16|66|2|3072
processo-830|830|40|16|9|7168
processo-831|831|64|14|4|8192
processo-832|832|8|40|3|1024
processo-833|833|8|23|4|2048
processo-834|834|72|63|8|9216
processo-835|835|40|42|6|4096
processo-836|836|16|27|4|6144
processo-837|837|56|17|9|5120
processo-838|838|24|71|1|9216
processo-839|839|16|44|6|2048
processo-840|840|16|98|6|4096
processo-841|841|40|57|1|1024
processo-842|842|72|11|2|4096
processo-843|843|16|59|7|2048
processo-844|844|16|77|4|6144
processo-845|845|72|19|6|9216
processo-846|846|48|39|1|8192
processo-847|847|72|45|2|3072
processo-848|848|72|82|6|7168
processo-849|849|8|38|7|5120
processo-850|850|48|50|5|2048
processo-851|851|32|40|1|9216
processo-852|852|72|17|3|3072
processo-853|853|48|95|5|3072
processo-854|854|40|76|7|8192
processo-855|855|64|3|9|4096
processo-856|856|16|77|9|1024
processo-857|857|48|23|4|7168
processo-858|858|72|47|1|1024
processo-859|859|56|84|5|2048
processo-860|860|40|54|1|7168
processo-861|861|40|67|9|6144
processo-862|862|32|42|6|4096
processo-863|863|24|78|7|7168
processo-864|864|8|52|1|4096
processo-865|865|16|77|9|8192
processo-866|866|24|75|3|8192
processo-867|867|40|60|5|3072
processo-868|868|8|56|1|1024
processo-869|869|40|52|2|4096
processo-870|870|16|27|1|9216
processo-871|871|56|62|2|2048
processo-872|872|24|18|2|7168
processo-873|873|32|24|2|9216
processo-874|874|16|60|8|7168
processo-875|875|8|70|8|9216
processo-876|876|32|72|2|3072
processo-877|877|16|20|4|4096
processo-878|878|8|72|2|4096
processo-879|879|56|72|1|4096
processo-880|880|48|84|3|9216
processo-881|881|16|23|6|5120
processo-882|882|32|16|3|6144
processo-883|883|40|68|3|1024
processo-884|884|16|69|9|3072
processo-885|885|56|49|2|2048
processo-886|886|8|29|3|8192
processo-887|887|16|19|6|4096
processo-888|888|48|3|2|9216
processo-889|889|32|13|5|4096
processo-890|890|8|93|4|8192
processo-891|891|40|78|1|2048
processo-892|892|32|46|2|9216
processo-893|893|56|96|5|7168
processo-894|894|24|64|8|4096
processo-895|895|64|62|4|6144
processo-896|896|8|25|9|6144
processo-897|897|32|90|5|6144
processo-898|898|32|19|6|3072
processo-899|899|72|44|8|7168
processo-900|900|16|63|4|5120
processo-901|901|48|70|1|4096
processo-902|902|16|72|4|3072
processo-903|903|32|45|1|4096
processo-904|904|16|60|7|9216
processo-905|905|16|5|5|5120
processo-906|906|8|23|8|1024
processo-907|907|48|98|5|2048
processo-908|908|16|66|4|9216
processo-909|909|8|32|5|8192
processo-910|910|56|28|1|3072
processo-911|911|16|87|5|3072
processo-912|912|56|95|6|5120
processo-913|913|24|70|4|6144
processo-914|914|64|58|5|9216
processo-915|915|8|55|9|6144
processo-916|916|48|11|3|7168
processo-917|917|72|94|5|2048
processo-918|918|32|85|8|1024
processo-919|919|56|75|4|2048
processo-920|920|16|2|4|2048
processo-921|921|72|28|9|9216
processo-922|922|8|20|8|2048
processo-923|923|40|54|5|2048
processo-924|924|8|92|7|4096
processo-925|925|56|2|4|8192
processo-926|926|32|14|4|7168
processo-927|927|32|36|1|6144
processo-928|928|8|6|1|4096
processo-929|929|48|79|5|4096
processo-930|930|16|71|4|3072
processo-931|931|72|85|6|9216
processo-932|932|24|97|4|7168
processo-933|933|56|46|6|9216
processo-934|934|48|71|1|4096
processo-935|935|24|63|2|8192
processo-936|936|24|65|4|5120
processo-937|937|56|55|4|8192
processo-938|938|56|58|6|8192
processo-939|939|8|68|8|5120
processo-940|940|8|49|9|1024
processo-941|941|32|50|3|1024
processo-942|942|56|69|8|3072
processo-943|943|32|66|8|1024
processo-944|944|56|54|3|2048
processo-945|945|56|96|1|7168
processo-946|946|32|72|8|3072
processo-947|947|72|51|3|5120
processo-948|948|48|52|3|5120
processo-949|949|24|75|4|4096
processo-950|950|16|88|2|6144
processo-951|951|32|10|3|8192
processo-952|952|8|92|4|3072
processo-953|953|32|70|8|2048
processo-954|954|40|80|9|4096
processo-955|955|16|66|3|7168
processo-956|956|8|56|9|7168
processo-957|957|64|76|5|9216
processo-958|958|40|28|4|5120
processo-959|959|48|91|4|9216
processo-960|960|8|55|9|1024
processo-961|961|48|25|9|2048
processo-962|962|40|83|4|6144
processo-963|963|16|43|9|6144
processo-964|964|24|27|4|1024
processo-965|965|40|97|4|9216
processo-966|966|8|29|5|1024
processo-967|967|56|85|6|8192
processo-968|968|8|81|5|7168
processo-969|969|64|86|4|8192
processo-970|970|72|39|9|6144
processo-971|971|56|39|1|7168
processo-972|972|56|74|3|8192
processo-973|973|64|87|3|3072
processo-974|974|56|13|6|9216
processo-975|975|48|17|7|4096
processo-976|976|16|33|3|3072
processo-977|977|56|38|3|2048
processo-978|978|24|64|1|3072
processo-979|979|48|83|6|5120
processo-980|980|56|21|7|5120
processo-981|981|64|84|9|7168
processo-982|982|40|74|7|7168
processo-983|983|32|26|3|7168
processo-984|984|48|4|9|8192
processo-985|985|16|76|1|3072
processo-986|986|32|16|4|4096
processo-987|987|8|17|9|6144
processo-988|988|8|4|1|6144
processo-989|989|40|60|5|3072
processo-990|990|40|53|5|4096
processo-991|991|8|10|7|8192
processo-992|992|48|94|4|8192
processo-993|993|40|82|3|2048
processo-994|994|8|31|7|1024
processo-995|995|16|77|5|6144
processo-996|996|8|57|3|2048
processo-997|997|72|53|1|2048
processo-998|998|40|20|9|6144
processo-999|999|72|3|8|6144
processo-1000|1000|56|90|4|1024
processo-1001|1001|64|78|4|5120
processo-1002|1002|48|1|3|4096
processo-1003|1003|56|15|2|5120
processo-1004|1004|8|57|7|6144
processo-1005|1005|72|89|2|8192
processo-1006|1006|72|7|9|1024
processo-1007|1007|32|70|1|1024
processo-1008|1008|56|58|3|8192
processo-1009|1009|16|7|1|8192
processo-1010|1010|8|56|9|8192
processo-1011|1011|8|9|5|2048
processo-1012|1012|72|5|1|2048
processo-1013|1013|40|20|5|4096
processo-1014|1014|40|34|8|8192
processo-1015|1015|24|23|5|3072
processo-1016|1016|72|92|8|3072
processo-1017|1017|56|43|2|4096
processo-1018|1018|40|9|1|7168
processo-1019|1019|8|89|7|7168
processo-1020|1020|24|67|9|8192
processo-1021|1021|72|24|5|4096
processo-1022|1022|56|30|6|3072
processo-1023|1023|32|3|2|2048
